   1317057075.706832 0.807217 -0.012022 0.017925 -0.498784 0.501578 -0.500941 0.498691
   1317057075.706832 1.603329 -0.021182 0.026902 -0.498244 0.503240 -0.502406 0.496075
   1317057075.706832 2.374622 -0.037870 0.042454 -0.496970 0.505761 -0.503666 0.493505
   1317057075.806848 3.154666 -0.050557 0.093258 -0.497303 0.507543 -0.506969 0.487927
   1317057075.931882 3.875103 -0.075208 0.100798 -0.494744 0.510040 -0.510537 0.484190
   1317057076.031920 4.556406 -0.110583 0.118380 -0.491492 0.512722 -0.514813 0.480125
   1317057076.131870 5.255228 -0.161724 0.126617 -0.486859 0.515695 -0.519363 0.476748
   1317057076.231857 5.980651 -0.236376 0.131374 -0.481746 0.519513 -0.524145 0.472546
   1317057076.331855 6.664475 -0.312201 0.136526 -0.476088 0.524334 -0.529482 0.466972
   1317057076.456978 7.279541 -0.404524 0.151293 -0.469408 0.530026 -0.534903 0.461094
   1317057076.556911 7.912593 -0.521518 0.223453 -0.464214 0.534580 -0.542751 0.451830
   1317057076.656831 8.506318 -0.657323 0.236282 -0.455394 0.539615 -0.551526 0.444129
   1317057076.756849 9.102378 -0.795260 0.253432 -0.444988 0.545095 -0.561296 0.435665
   1317057076.856863 9.767278 -0.980374 0.250774 -0.433690 0.551372 -0.570711 0.426838
   1317057076.956957 10.367228 -1.194569 0.283246 -0.422123 0.559160 -0.579048 0.416961
   1317057077.056912 10.930777 -1.426508 0.328061 -0.410000 0.566900 -0.587875 0.406113
   1317057077.181872 11.541240 -1.703499 0.399627 -0.397579 0.574521 -0.596752 0.394644
   1317057077.256857 12.136888 -2.000976 0.376271 -0.384887 0.581267 -0.606434 0.382399
   1317057077.381863 12.649066 -2.295580 0.394164 -0.371728 0.589156 -0.614144 0.370866
   1317057077.481862 13.125642 -2.600477 0.426523 -0.357723 0.597421 -0.620879 0.360044
   1317057077.581872 13.642889 -2.992888 0.437826 -0.343747 0.604741 -0.627758 0.349353
   1317057077.681867 14.157600 -3.379376 0.526187 -0.330227 0.611711 -0.634931 0.337081
   1317057077.781860 14.878934 -3.781918 0.530692 -0.316100 0.617772 -0.643648 0.322733
   1317057077.881899 15.427842 -4.206077 0.544141 -0.302771 0.623574 -0.652100 0.307004
   1317057077.981839 15.634332 -4.663928 0.644339 -0.290234 0.630024 -0.658934 0.290931
   1317057078.106858 16.044270 -5.142482 0.714096 -0.274715 0.638217 -0.664609 0.274782
   1317057078.206872 16.454088 -5.631810 0.747179 -0.257263 0.645878 -0.670749 0.258367
   1317057078.306861 16.966001 -6.259820 0.720764 -0.239114 0.651784 -0.677829 0.241969
   1317057078.406856 17.317690 -6.805145 0.739981 -0.221542 0.657829 -0.683977 0.224401
   1317057078.506905 17.606554 -7.364768 0.798985 -0.204640 0.663843 -0.689281 0.205737
   1317057078.606874 17.954526 -8.011919 0.818733 -0.187088 0.669318 -0.694220 0.187272
   1317057078.706945 18.279856 -8.710547 0.829663 -0.167866 0.674431 -0.698665 0.169797
   1317057078.831866 18.561579 -9.381147 0.894836 -0.148333 0.679687 -0.702101 0.151911
   1317057078.931877 18.795200 -10.090616 0.950481 -0.128858 0.683915 -0.705480 0.133990
   1317057079.031877 18.987960 -10.736036 0.975328 -0.109855 0.687520 -0.708198 0.117068
   1317057079.131853 19.134959 -11.431227 1.000470 -0.092431 0.690369 -0.710180 0.102427
   1317057079.231942 19.290108 -12.094917 1.026076 -0.077160 0.692358 -0.711770 0.089835
   1317057079.331861 19.456875 -12.838297 1.057345 -0.063464 0.693600 -0.713151 0.079416
   1317057079.456866 19.593509 -13.610109 1.084803 -0.052220 0.694422 -0.714252 0.069971
   1317057079.556887 19.744250 -14.514046 1.185904 -0.044774 0.694835 -0.715232 0.060359
   1317057079.656889 19.840117 -15.258509 1.212838 -0.037297 0.695527 -0.715505 0.053891
   1317057079.756920 19.923307 -16.034077 1.241309 -0.031106 0.695764 -0.715882 0.049574
   1317057079.856881 20.004270 -16.793138 1.278371 -0.026280 0.695740 -0.716270 0.047040
   1317057079.956891 20.085823 -17.628844 1.311626 -0.023492 0.695681 -0.716478 0.046207
   1317057080.056892 20.127816 -18.497523 1.358425 -0.021930 0.695757 -0.716440 0.046418
   1317057080.156954 20.190687 -19.362578 1.395576 -0.020900 0.695684 -0.716508 0.046939
   1317057080.281899 20.308187 -20.394767 1.416671 -0.020977 0.695594 -0.716579 0.047152
   1317057080.356901 20.396353 -21.424144 1.517124 -0.022426 0.695284 -0.716928 0.045725
   1317057080.481871 20.492838 -22.316051 1.554906 -0.022501 0.695706 -0.716485 0.046222
   1317057080.581856 20.593649 -23.218493 1.591525 -0.022316 0.695396 -0.716756 0.046764
   1317057080.681912 20.698103 -24.138161 1.633401 -0.022516 0.694804 -0.717290 0.047278
   1317057080.781914 20.751807 -25.196554 1.646383 -0.023112 0.694238 -0.717740 0.048459
   1317057080.881893 20.823994 -26.216714 1.681582 -0.023662 0.694985 -0.716933 0.049418
   1317057080.981919 20.913746 -27.244440 1.706756 -0.023878 0.695467 -0.716412 0.050084
   1317057081.106891 20.990062 -28.426205 1.746946 -0.025057 0.695120 -0.716672 0.050614
   1317057081.206881 21.136347 -29.374538 1.858878 -0.026511 0.694083 -0.717751 0.048779
   1317057081.306895 21.265482 -30.398595 1.902166 -0.027762 0.693232 -0.718537 0.048617
   1317057081.406917 21.393074 -31.425069 1.950077 -0.028910 0.692846 -0.718862 0.048641
   1317057081.506881 21.562800 -32.512447 1.997336 -0.030711 0.693279 -0.718416 0.047953
   1317057081.606885 21.692861 -33.574420 2.018195 -0.032088 0.693668 -0.717966 0.048155
   1317057081.731885 21.829359 -34.714951 2.058611 -0.033840 0.694437 -0.717135 0.048252
   1317057081.806875 21.964123 -35.806472 2.153745 -0.036017 0.694800 -0.716706 0.047840
   1317057081.931897 22.098362 -36.892814 2.208990 -0.036463 0.695408 -0.715999 0.049233
   1317057082.031873 22.216393 -37.985561 2.262191 -0.037064 0.695324 -0.715931 0.050926
   1317057082.131907 22.346900 -39.059042 2.310852 -0.037070 0.694555 -0.716533 0.052918
   1317057082.231916 22.479755 -40.128442 2.358419 -0.037210 0.693925 -0.716995 0.054797
   1317057082.331903 22.667724 -41.292440 2.384192 -0.038244 0.694661 -0.716176 0.055458
   1317057082.431997 22.809433 -42.417193 2.472178 -0.040213 0.696636 -0.714170 0.055159
   1317057082.531883 22.965881 -43.549192 2.523551 -0.040733 0.698223 -0.712545 0.055715
   1317057082.656908 23.137667 -44.646246 2.565192 -0.040259 0.697660 -0.713038 0.056810
   1317057082.756890 23.302038 -45.796835 2.588983 -0.040459 0.694699 -0.715885 0.057142
   1317057082.856906 23.466811 -46.908189 2.644091 -0.041166 0.692992 -0.717529 0.056742
   1317057082.956886 23.606343 -48.108676 2.686628 -0.041590 0.692694 -0.717803 0.056601
   1317057083.082005 23.729651 -49.309971 2.738951 -0.042008 0.693490 -0.717036 0.056272
   1317057083.156881 23.907292 -50.405863 2.830518 -0.043241 0.694216 -0.716448 0.053823
   1317057083.256895 24.073996 -51.543944 2.883303 -0.042782 0.694296 -0.716414 0.053600
   1317057083.381903 24.254561 -52.695572 2.929442 -0.042118 0.693925 -0.716807 0.053685
   1317057083.481904 24.443359 -53.866899 2.975824 -0.041676 0.694176 -0.716622 0.053254
   1317057083.581902 24.599274 -55.049805 3.050113 -0.041296 0.694573 -0.716251 0.053362
   1317057083.681895 24.783533 -56.197951 3.088067 -0.040857 0.694782 -0.716104 0.052947
   1317057083.781982 24.932306 -57.384428 3.161799 -0.041425 0.695784 -0.715222 0.051251
   1317057083.881903 25.087765 -58.554246 3.201168 -0.040049 0.698014 -0.713089 0.051736
   1317057083.981936 25.276180 -59.658501 3.233442 -0.038580 0.699078 -0.712113 0.051924
   1317057084.106891 25.441250 -60.813177 3.269407 -0.035945 0.699300 -0.711918 0.053475
   1317057084.206897 25.565519 -62.089908 3.316832 -0.035632 0.698573 -0.712561 0.054609
   1317057084.306888 25.679722 -63.392687 3.347931 -0.034505 0.697337 -0.713660 0.056754
   1317057084.406896 25.821961 -64.649206 3.424995 -0.037328 0.695649 -0.715360 0.054208
   1317057084.507015 25.996075 -65.874277 3.483853 -0.037926 0.694280 -0.716681 0.053903
   1317057084.606927 26.140024 -67.129662 3.537533 -0.038811 0.693355 -0.717525 0.053939
   1317057084.706915 26.300973 -68.362755 3.604614 -0.039660 0.693723 -0.717168 0.053348
   1317057084.832011 26.445617 -69.641747 3.659568 -0.040914 0.693677 -0.717170 0.052961
   1317057084.931912 26.597577 -70.936396 3.701051 -0.041254 0.692955 -0.717786 0.053800
   1317057085.031911 26.782017 -72.218124 3.788389 -0.043032 0.691735 -0.718946 0.052600
   1317057085.131917 26.956736 -73.487687 3.851063 -0.043597 0.690760 -0.719812 0.053109
   1317057085.231937 27.134253 -74.825370 3.908786 -0.044656 0.690473 -0.719991 0.053527
   1317057085.331916 27.302896 -76.164029 3.968778 -0.046356 0.690948 -0.719458 0.053124
   1317057085.457195 27.513631 -77.436434 4.070284 -0.049450 0.691374 -0.719062 0.050068
   1317057085.556932 27.721447 -78.726937 4.132851 -0.050420 0.691593 -0.718812 0.049657
   1317057085.657182 27.923685 -80.075021 4.202215 -0.051446 0.691861 -0.718442 0.050221
   1317057085.756914 28.138237 -81.423909 4.302421 -0.053879 0.691844 -0.718410 0.048334
   1317057085.856884 28.363692 -82.780427 4.354802 -0.054202 0.692560 -0.717659 0.048882
   1317057085.956928 28.597552 -84.161361 4.385930 -0.054660 0.692475 -0.717670 0.049395
   1317057086.081928 28.755193 -85.571766 4.483956 -0.055512 0.692525 -0.717462 0.050745
   1317057086.156939 28.937944 -86.940510 4.595548 -0.057789 0.691931 -0.717937 0.049573
   1317057086.281945 29.168470 -88.304717 4.661761 -0.057961 0.692282 -0.717541 0.050202
   1317057086.381922 29.379737 -89.693480 4.725194 -0.058658 0.692429 -0.717291 0.050936
   1317057086.481907 29.584561 -91.086966 4.812171 -0.058969 0.693094 -0.716553 0.051917
   1317057086.581920 29.799307 -92.433838 4.916642 -0.061608 0.693242 -0.716356 0.049542
   1317057086.681930 30.021136 -93.781516 4.972707 -0.061374 0.693562 -0.716024 0.050152
   1317057086.781954 30.245617 -95.181993 5.040995 -0.061661 0.693491 -0.716034 0.050628
   1317057086.906951 30.487506 -96.575461 5.114144 -0.061252 0.693131 -0.716364 0.051391
   1317057087.006954 30.695116 -97.958912 5.227743 -0.064651 0.691677 -0.717675 0.048429
   1317057087.106920 30.924237 -99.336923 5.297958 -0.065182 0.690980 -0.718307 0.048303
   1317057087.206927 31.158946 -100.717294 5.388916 -0.065301 0.690849 -0.718414 0.048423
   1317057087.306928 31.368805 -102.063340 5.473181 -0.065671 0.689775 -0.719421 0.048270
   1317057087.406917 31.580624 -103.446861 5.593131 -0.069412 0.688079 -0.720913 0.044872
   1317057087.506939 31.825565 -104.791182 5.660878 -0.070198 0.688216 -0.720769 0.043855
   1317057087.606945 32.054878 -106.237296 5.741767 -0.070791 0.688922 -0.720046 0.043695
   1317057087.731963 32.283455 -107.580573 5.817140 -0.071605 0.688954 -0.719971 0.043092
   1317057087.831926 32.509837 -109.009611 5.923255 -0.074743 0.687525 -0.721151 0.040789
   1317057087.931971 32.722505 -110.372544 6.020292 -0.075713 0.687545 -0.721030 0.040806
   1317057088.031961 32.963101 -111.714400 6.107931 -0.076231 0.688203 -0.720354 0.040689
   1317057088.131940 33.234387 -113.036775 6.192730 -0.076457 0.689830 -0.718778 0.040581
   1317057088.231931 33.461015 -114.405165 6.288132 -0.079099 0.689877 -0.718564 0.038461
   1317057088.331949 33.706552 -115.740085 6.358562 -0.078881 0.688972 -0.719398 0.039525
   1317057088.457031 33.935446 -117.094588 6.426197 -0.078402 0.688902 -0.719434 0.041019
   1317057088.556923 34.170552 -118.525581 6.484038 -0.079554 0.688871 -0.719315 0.041407
   1317057088.656997 34.408535 -119.788727 6.557578 -0.079640 0.688846 -0.719283 0.042196
   1317057088.756956 34.666443 -121.183752 6.642771 -0.083145 0.687893 -0.719957 0.039395
   1317057088.856988 34.922842 -122.533808 6.714667 -0.083802 0.688141 -0.719648 0.039325
   1317057088.956965 35.167778 -123.900669 6.791909 -0.084305 0.688345 -0.719347 0.040178
   1317057089.081963 35.403940 -125.310866 6.859917 -0.084687 0.688349 -0.719245 0.041113
   1317057089.181923 35.668997 -126.757065 6.952883 -0.087050 0.687645 -0.719733 0.039386
   1317057089.281964 35.920559 -128.142748 7.036035 -0.086964 0.687426 -0.719902 0.040292
   1317057089.381998 36.168144 -129.516685 7.127826 -0.087793 0.685966 -0.721170 0.040702
   1317057089.481937 36.411757 -130.919448 7.191046 -0.088594 0.684458 -0.722475 0.041209
   1317057089.607047 36.695661 -132.338740 7.300627 -0.091382 0.682896 -0.723774 0.038138
   1317057089.681966 36.973156 -133.758652 7.398785 -0.092146 0.682935 -0.723672 0.037516
   1317057089.781945 37.241784 -135.165870 7.478807 -0.092692 0.682725 -0.723820 0.037142
   1317057089.932066 37.494904 -136.549255 7.563184 -0.093377 0.683040 -0.723446 0.036923
   1317057090.006939 37.791335 -138.085470 7.690830 -0.097123 0.681651 -0.724448 0.033089
   1317057090.106954 38.081592 -139.466618 7.778433 -0.098166 0.681332 -0.724657 0.031971
   1317057090.207105 38.344847 -140.816520 7.873276 -0.098767 0.682323 -0.723664 0.031479
   1317057090.306935 38.632914 -142.310128 7.990907 -0.101746 0.682164 -0.723535 0.028228
   1317057090.406950 38.891747 -143.717049 8.074411 -0.101755 0.683132 -0.722616 0.028320
   1317057090.532018 39.150271 -145.094322 8.167980 -0.101326 0.683406 -0.722373 0.029416
   1317057090.631949 39.441857 -146.466608 8.222530 -0.100655 0.682953 -0.722864 0.030190
   1317057090.732101 39.707603 -147.923451 8.353306 -0.101721 0.681430 -0.724194 0.029136
   1317057090.831956 40.001336 -149.348215 8.439186 -0.100768 0.680720 -0.724950 0.030212
   1317057090.932030 40.251727 -150.754230 8.547523 -0.100940 0.679877 -0.725658 0.031604
   1317057091.057044 40.530460 -152.221240 8.661225 -0.100808 0.680666 -0.724896 0.032514
   1317057091.156958 40.840924 -153.753349 8.781393 -0.104254 0.681178 -0.724105 0.028271
   1317057091.257022 41.120258 -155.150080 8.865932 -0.104406 0.681981 -0.723345 0.027803
   1317057091.356994 41.395316 -156.541221 8.950294 -0.104732 0.681180 -0.724036 0.028250
   1317057091.457013 41.689194 -157.966350 9.051634 -0.103602 0.680610 -0.724645 0.030434
   1317057091.556962 41.979520 -159.348062 9.189491 -0.102449 0.681237 -0.724118 0.032768
   1317057091.657092 42.225978 -160.826235 9.330991 -0.105309 0.678998 -0.725854 0.031746
   1317057091.756953 42.524663 -162.188200 9.427486 -0.105026 0.677850 -0.726902 0.033196
   1317057091.856967 42.809039 -163.579915 9.533750 -0.106978 0.677617 -0.726885 0.032083
   1317057091.981963 43.071480 -164.963529 9.644658 -0.108898 0.677863 -0.726407 0.031233
   1317057092.081973 43.348578 -166.347295 9.782613 -0.111740 0.678073 -0.725884 0.028706
   1317057092.181977 43.677720 -167.723836 9.882471 -0.112532 0.677919 -0.725921 0.028302
   1317057092.281996 43.943482 -169.146920 9.995608 -0.113401 0.676886 -0.726724 0.028933
   1317057092.407058 44.228004 -170.498196 10.094768 -0.114268 0.676489 -0.726970 0.028644
   1317057092.481975 44.526180 -171.850524 10.232652 -0.116533 0.676037 -0.727134 0.025908
   1317057092.582012 44.823991 -173.196044 10.342192 -0.117001 0.676159 -0.726952 0.025682
   1317057092.707016 45.095647 -174.604842 10.451383 -0.117278 0.676283 -0.726756 0.026706
   1317057092.807169 45.407986 -175.934999 10.569657 -0.117009 0.677844 -0.725344 0.026700
   1317057092.906976 45.712495 -177.371806 10.704509 -0.118833 0.678641 -0.724381 0.024431
   1317057093.007021 45.977615 -178.675236 10.807973 -0.118569 0.679225 -0.723854 0.025094
   1317057093.106986 46.257585 -180.004723 10.880880 -0.118387 0.678349 -0.724683 0.025735
   1317057093.206970 46.493794 -181.361886 10.974860 -0.118432 0.676944 -0.725934 0.027229
   1317057093.307042 46.807720 -182.657585 11.079730 -0.119572 0.674962 -0.727655 0.025449
   1317057093.431955 47.110870 -184.013747 11.179999 -0.119221 0.675229 -0.727462 0.025541
   1317057093.532056 47.393533 -185.361915 11.282863 -0.119122 0.676472 -0.726318 0.025650
   1317057093.631989 47.695222 -186.702222 11.363037 -0.118987 0.676903 -0.725939 0.025632
   1317057093.732002 48.039532 -188.083755 11.444196 -0.118583 0.676566 -0.726316 0.025705
   1317057093.831959 48.302512 -189.516643 11.598551 -0.119771 0.675623 -0.727048 0.024276
   1317057093.956986 48.583391 -190.915001 11.719978 -0.119788 0.675349 -0.727273 0.025065
   1317057094.032000 48.882722 -192.271687 11.797878 -0.119831 0.673924 -0.728585 0.025115
   1317057094.156963 49.169240 -193.631841 11.924970 -0.119740 0.671813 -0.730523 0.025793
   1317057094.256958 49.453115 -194.984508 12.085200 -0.122950 0.670066 -0.731693 0.022804
   1317057094.356983 49.767066 -196.286925 12.220668 -0.123954 0.670024 -0.731570 0.022555
   1317057094.457011 50.059475 -197.736087 12.363220 -0.125541 0.671411 -0.730033 0.022340
   1317057094.557055 50.373114 -199.084077 12.492055 -0.128292 0.671770 -0.729299 0.019746
   1317057094.656997 50.671273 -200.485059 12.607445 -0.128816 0.672976 -0.728072 0.020513
   1317057094.756979 50.986611 -201.829436 12.699630 -0.128566 0.673036 -0.728018 0.022004
   1317057094.881998 51.248300 -203.212127 12.823270 -0.129125 0.672673 -0.728171 0.024572
   1317057094.981999 51.594628 -204.626875 12.952561 -0.131397 0.671655 -0.728751 0.023159
   1317057095.082022 51.914296 -206.035760 13.059369 -0.133165 0.671933 -0.728176 0.023094
   1317057095.182019 52.249787 -207.400142 13.163456 -0.134019 0.673068 -0.726965 0.023253
   1317057095.282083 52.577856 -208.783397 13.277199 -0.136560 0.672984 -0.726640 0.020962
   1317057095.381997 52.909232 -210.153889 13.377610 -0.136455 0.673244 -0.726390 0.021912
   1317057095.482056 53.261261 -211.531093 13.472355 -0.135148 0.672587 -0.727163 0.024411
   1317057095.607056 53.592745 -212.891545 13.567243 -0.136147 0.670500 -0.728869 0.025394
   1317057095.707058 53.896045 -214.288295 13.710067 -0.139504 0.669319 -0.729362 0.024093
   1317057095.806983 54.242248 -215.639995 13.824573 -0.141442 0.670891 -0.727579 0.022989
   1317057095.907018 54.608878 -217.021250 13.917141 -0.142490 0.672516 -0.725881 0.022713
   1317057096.007097 54.905296 -218.330439 14.008961 -0.143702 0.672252 -0.725814 0.024914
   1317057096.106976 55.250146 -219.719764 14.115020 -0.146147 0.669586 -0.727800 0.024552
   1317057096.206955 55.609197 -221.085307 14.226175 -0.145535 0.668940 -0.728427 0.027081
   1317057096.331974 55.977573 -222.448895 14.354703 -0.147236 0.669623 -0.727462 0.026948
   1317057096.431973 56.347886 -223.867550 14.461993 -0.149012 0.669025 -0.727679 0.026141
   1317057096.531967 56.717671 -225.233775 14.561792 -0.150908 0.667478 -0.728730 0.025538
   1317057096.657073 57.080645 -226.585201 14.672665 -0.152495 0.665189 -0.730525 0.024560
   1317057096.731976 57.444734 -227.984122 14.792627 -0.154469 0.662749 -0.732382 0.022809
   1317057096.831954 57.807757 -229.316236 14.910957 -0.155066 0.663942 -0.731200 0.021969
   1317057096.932033 58.162085 -230.697145 15.031309 -0.156607 0.664752 -0.730195 0.019852
   1317057097.056972 58.529533 -232.101756 15.149015 -0.156724 0.664901 -0.730044 0.019484
   1317057097.157068 58.941774 -233.506248 15.252657 -0.156024 0.665388 -0.729751 0.019459
   1317057097.257012 59.330405 -234.902438 15.380452 -0.156447 0.665464 -0.729614 0.018598
   1317057097.357039 59.710006 -236.391983 15.509496 -0.156925 0.665801 -0.729229 0.017571
   1317057097.482097 60.040697 -237.689020 15.611493 -0.157433 0.664837 -0.730039 0.015821
   1317057097.557119 60.404956 -239.070937 15.726125 -0.157347 0.666515 -0.728543 0.015032
   1317057097.682106 60.750460 -240.466295 15.837516 -0.156506 0.666336 -0.728859 0.016344
   1317057097.782045 61.091410 -241.860260 15.935910 -0.156927 0.664995 -0.729983 0.016742
   1317057097.882082 61.454207 -243.248065 16.040836 -0.157110 0.664233 -0.730646 0.016354
   1317057097.981985 61.859469 -244.662308 16.179244 -0.158840 0.663408 -0.731072 0.013916
   1317057098.082033 62.231995 -246.066820 16.299928 -0.158318 0.664115 -0.730539 0.014170
   1317057098.182009 62.598852 -247.463361 16.421104 -0.158041 0.665928 -0.728936 0.014659
   1317057098.282133 62.982100 -248.867769 16.504071 -0.156848 0.666635 -0.728520 0.015989
   1317057098.382042 63.333016 -250.357625 16.627945 -0.157433 0.664777 -0.730096 0.015680
   1317057098.482116 63.712933 -251.778766 16.747857 -0.157639 0.662726 -0.731907 0.015979
   1317057098.606982 64.092714 -253.233470 16.868342 -0.157838 0.661041 -0.733380 0.016303
   1317057098.707045 64.467903 -254.649534 17.013325 -0.158734 0.660668 -0.733544 0.015329
   1317057098.806992 64.868007 -256.075266 17.135241 -0.159095 0.660666 -0.733484 0.014477
   1317057098.907001 65.237517 -257.488006 17.274894 -0.160748 0.659462 -0.734248 0.012243
   1317057099.007051 65.632031 -258.917208 17.411610 -0.161194 0.658440 -0.735076 0.011687
   1317057099.107083 65.988256 -260.385373 17.575864 -0.161721 0.658559 -0.734858 0.011454
   1317057099.207079 66.372756 -261.815992 17.722070 -0.161747 0.659872 -0.733684 0.010751
   1317057099.332003 66.803175 -263.171381 17.857205 -0.161342 0.661112 -0.732667 0.009985
   1317057099.432033 67.192841 -264.680897 17.963520 -0.162266 0.659664 -0.733787 0.008350
   1317057099.532064 67.571664 -266.116973 18.098589 -0.161769 0.660600 -0.733049 0.008803
   1317057099.632009 67.973131 -267.562181 18.221961 -0.161126 0.661775 -0.732130 0.008820
   1317057099.732015 68.303542 -269.128101 18.365410 -0.161078 0.661574 -0.732310 0.009777
   1317057099.832034 68.719528 -270.681209 18.513341 -0.161162 0.660460 -0.733297 0.009779
   1317057099.931982 69.094309 -272.156381 18.615183 -0.162549 0.658008 -0.735216 0.007859
   1317057100.057049 69.515864 -273.621420 18.736699 -0.161947 0.657874 -0.735468 0.007801
   1317057100.157072 69.921200 -275.082924 18.871139 -0.161869 0.658176 -0.735215 0.007862
   1317057100.257024 70.292212 -276.550251 19.013114 -0.162043 0.658512 -0.734874 0.007993
   1317057100.357004 70.677795 -278.115423 19.154951 -0.163497 0.657285 -0.735663 0.006718
   1317057100.457030 71.083821 -279.588000 19.284219 -0.162848 0.657622 -0.735504 0.006905
   1317057100.557092 71.482103 -281.030214 19.414619 -0.162757 0.656579 -0.736456 0.006863
   1317057100.682115 71.864021 -282.600891 19.558778 -0.163590 0.654673 -0.737968 0.006645
   1317057100.782027 72.298820 -284.135563 19.706708 -0.162976 0.655058 -0.737763 0.006653
   1317057100.881999 72.703342 -285.668608 19.869600 -0.162583 0.655913 -0.737087 0.006901
   1317057100.982031 73.109246 -287.298592 20.010091 -0.162940 0.654345 -0.738399 0.007055
   1317057101.082102 73.491305 -288.823675 20.173853 -0.162572 0.653640 -0.739099 0.007665
   1317057101.182121 73.878282 -290.308231 20.344896 -0.162597 0.653792 -0.738957 0.007735
   1317057101.282000 74.309970 -291.919414 20.491167 -0.163911 0.652597 -0.739735 0.006433
   1317057101.407076 74.728760 -293.500796 20.660523 -0.164045 0.651824 -0.740385 0.006675
   1317057101.507085 75.137675 -295.021845 20.861472 -0.164942 0.651108 -0.740823 0.005769
   1317057101.607055 75.541101 -296.653910 21.049393 -0.165605 0.650758 -0.740987 0.005316
   1317057101.707066 75.952015 -298.163989 21.202653 -0.167061 0.650081 -0.741266 0.003155
   1317057101.807071 76.363040 -299.668845 21.383016 -0.167745 0.650074 -0.741121 0.002173
   1317057101.907032 76.785365 -301.214512 21.545037 -0.168399 0.650068 -0.740981 0.001088
   1317057102.032035 77.190920 -302.726879 21.693902 -0.168025 0.651091 -0.740167 0.000537
   1317057102.132129 77.617772 -304.312056 21.855545 -0.168414 0.651846 -0.739414 -0.000413
   1317057102.232038 78.027521 -305.883663 22.026308 -0.167710 0.652906 -0.738639 -0.000570
   1317057102.332025 78.441824 -307.499207 22.207992 -0.167162 0.653000 -0.738680 0.000114
   1317057102.432024 78.886487 -309.128692 22.378303 -0.166518 0.651726 -0.739949 0.000564
   1317057102.557158 79.286216 -310.755540 22.566378 -0.166500 0.650277 -0.741227 0.000964
   1317057102.632068 79.740069 -312.342602 22.786535 -0.167331 0.649902 -0.741368 -0.000956
   1317057102.757118 80.156186 -313.908200 22.972116 -0.166896 0.651116 -0.740400 -0.001361
   1317057102.832140 80.599849 -315.463674 23.155378 -0.166201 0.652208 -0.739593 -0.001926
   1317057102.957100 81.000065 -317.042794 23.321460 -0.165741 0.652758 -0.739212 -0.001675
   1317057103.057076 81.407846 -318.694828 23.509147 -0.165399 0.653421 -0.738704 -0.000695
   1317057103.157072 81.829482 -320.303158 23.718465 -0.165455 0.653511 -0.738609 -0.002180
   1317057103.257040 82.239885 -321.843146 23.886604 -0.164466 0.651977 -0.740186 -0.001390
   1317057103.357008 82.666518 -323.413922 24.027413 -0.163655 0.648863 -0.743098 -0.000653
   1317057103.482111 83.067476 -324.995556 24.193451 -0.163552 0.648263 -0.743643 -0.001080
   1317057103.582075 83.466666 -326.627940 24.478781 -0.165572 0.647947 -0.743461 -0.004032
   1317057103.657071 83.887752 -328.168523 24.667421 -0.166766 0.648251 -0.742911 -0.006594
   1317057103.782056 84.299266 -329.703415 24.822625 -0.168123 0.647949 -0.742838 -0.009450
   1317057103.907137 84.707580 -331.249863 24.983445 -0.168739 0.647896 -0.742713 -0.011635
   1317057103.982068 85.077615 -332.832450 25.235565 -0.169897 0.648389 -0.741988 -0.013483
   1317057104.107075 85.468533 -334.381043 25.428119 -0.169588 0.649388 -0.741179 -0.013730
   1317057104.182131 85.855863 -335.904712 25.606932 -0.168879 0.649816 -0.740974 -0.013289
   1317057104.307071 86.214038 -337.455354 25.813825 -0.168140 0.650697 -0.740388 -0.012154
   1317057104.407043 86.592877 -338.929789 26.028059 -0.169357 0.650527 -0.740233 -0.013703
   1317057104.507071 86.969511 -340.448393 26.191429 -0.169372 0.650796 -0.739998 -0.013418
   1317057104.607104 87.355502 -342.036036 26.410594 -0.169478 0.651222 -0.739602 -0.013250
   1317057104.707083 87.756708 -343.603558 26.611641 -0.169440 0.651573 -0.739302 -0.013249
   1317057104.832178 88.148551 -345.158267 26.832724 -0.170337 0.651738 -0.738933 -0.014180
   1317057104.907071 88.511276 -346.688959 27.002209 -0.170534 0.651514 -0.739098 -0.013512
   1317057105.007150 88.901520 -348.249458 27.171782 -0.169943 0.651392 -0.739362 -0.012319
   1317057105.132072 89.283624 -349.776763 27.352652 -0.169880 0.651205 -0.739553 -0.011605
   1317057105.232068 89.690549 -351.320411 27.535693 -0.171069 0.649913 -0.740397 -0.012727
   1317057105.332046 90.087727 -352.824423 27.701011 -0.171081 0.649763 -0.740530 -0.012437
   1317057105.432178 90.511091 -354.437986 27.866782 -0.171482 0.650316 -0.739949 -0.012587
   1317057105.532099 90.828955 -355.961785 28.109950 -0.171932 0.651539 -0.738774 -0.012178
   1317057105.657149 91.253562 -357.522061 28.258725 -0.174068 0.649964 -0.739626 -0.014167
   1317057105.732070 91.626085 -359.097480 28.429902 -0.174340 0.649364 -0.740105 -0.013309
   1317057105.857102 92.017568 -360.656189 28.622938 -0.174765 0.648880 -0.740440 -0.012681
   1317057105.957088 92.375481 -362.172001 28.800412 -0.175870 0.648671 -0.740369 -0.012218
   1317057106.057052 92.820508 -363.654096 28.961060 -0.177637 0.646963 -0.741399 -0.014570
   1317057106.157216 93.220663 -365.191703 29.157626 -0.177967 0.647114 -0.741196 -0.014114
   1317057106.257107 93.600743 -366.709606 29.320014 -0.178418 0.646777 -0.741387 -0.013835
   1317057106.382074 93.979608 -368.167283 29.518783 -0.178322 0.647010 -0.741224 -0.012854
   1317057106.457129 94.382172 -369.710389 29.693942 -0.180189 0.645883 -0.741733 -0.014123
   1317057106.557173 94.753246 -371.209567 29.869075 -0.180629 0.645600 -0.741884 -0.013492
   1317057106.682297 95.118664 -372.777306 30.057959 -0.180861 0.645736 -0.741737 -0.011816
   1317057106.782055 95.539594 -374.286142 30.264074 -0.182415 0.644738 -0.742202 -0.013181
   1317057106.882183 95.966341 -375.786835 30.449786 -0.182407 0.644206 -0.742675 -0.012664
   1317057106.982135 96.348496 -377.300463 30.620240 -0.182466 0.643575 -0.743226 -0.011492
   1317057107.082123 96.731554 -378.717928 30.809547 -0.182262 0.644027 -0.742899 -0.010535
   1317057107.182085 97.156219 -380.201035 30.995825 -0.184173 0.643085 -0.743201 -0.013214
   1317057107.282071 97.575273 -381.693745 31.175997 -0.183750 0.642663 -0.743678 -0.012784
   1317057107.407093 97.982597 -383.197388 31.379096 -0.184704 0.641561 -0.744392 -0.012827
   1317057107.507082 98.397686 -384.703051 31.561601 -0.186221 0.639878 -0.745431 -0.014490
   1317057107.632178 98.810497 -386.178837 31.740776 -0.186983 0.640025 -0.745088 -0.015765
   1317057107.707099 99.226505 -387.688491 31.916339 -0.187673 0.639187 -0.745623 -0.016243
   1317057107.807092 99.626391 -389.163665 32.098565 -0.187329 0.638492 -0.746317 -0.015701
