0.807217 -0.012022 0.0179249 -0.498784 0.501578 -0.500941 0.498691
2.37462 -0.0378704 0.0424538 -0.49697 0.505761 -0.503666 0.493505
3.15467 -0.0505572 0.0932584 -0.497303 0.507543 -0.506969 0.487927
3.8751 -0.0752082 0.100798 -0.494744 0.51004 -0.510537 0.48419
4.55641 -0.110583 0.11838 -0.491492 0.512722 -0.514813 0.480125
5.25523 -0.161724 0.126617 -0.486859 0.515695 -0.519363 0.476748
5.98065 -0.236376 0.131374 -0.481746 0.519513 -0.524145 0.472546
6.66448 -0.312201 0.136526 -0.476088 0.524334 -0.529482 0.466972
7.27954 -0.404524 0.151293 -0.469408 0.530026 -0.534903 0.461094
7.91259 -0.521518 0.223453 -0.464214 0.53458 -0.542751 0.45183
8.50632 -0.657323 0.236282 -0.455394 0.539615 -0.551526 0.444129
9.10238 -0.79526 0.253432 -0.444988 0.545095 -0.561296 0.435665
9.76728 -0.980374 0.250774 -0.43369 0.551372 -0.570711 0.426838
10.3672 -1.19457 0.283246 -0.422123 0.55916 -0.579048 0.416961
10.9308 -1.42651 0.328061 -0.41 0.5669 -0.587875 0.406113
11.5412 -1.7035 0.399627 -0.397579 0.574521 -0.596752 0.394644
12.1369 -2.00098 0.376271 -0.384887 0.581267 -0.606434 0.382399
12.6491 -2.29558 0.394164 -0.371728 0.589156 -0.614144 0.370866
13.1256 -2.60048 0.426523 -0.357723 0.597421 -0.620879 0.360044
13.6429 -2.99289 0.437826 -0.343747 0.604741 -0.627758 0.349353
14.1576 -3.37938 0.526187 -0.330227 0.611711 -0.634931 0.337081
14.8789 -3.78192 0.530692 -0.3161 0.617772 -0.643648 0.322733
15.4278 -4.20608 0.544141 -0.302771 0.623574 -0.6521 0.307004
15.6343 -4.66393 0.644339 -0.290234 0.630024 -0.658934 0.290931
16.0443 -5.14248 0.714096 -0.274715 0.638217 -0.664609 0.274782
16.4541 -5.63181 0.747179 -0.257263 0.645878 -0.670749 0.258367
16.966 -6.25982 0.720764 -0.239114 0.651784 -0.677829 0.241969
17.3177 -6.80515 0.739981 -0.221542 0.657829 -0.683977 0.224401
17.6066 -7.36477 0.798985 -0.20464 0.663843 -0.689281 0.205737
17.9545 -8.01192 0.818733 -0.187088 0.669318 -0.69422 0.187272
18.2799 -8.71055 0.829663 -0.167866 0.674431 -0.698665 0.169797
18.5616 -9.38115 0.894836 -0.148333 0.679687 -0.702101 0.151911
18.7952 -10.0906 0.950481 -0.128858 0.683915 -0.70548 0.13399
18.988 -10.736 0.975328 -0.109855 0.68752 -0.708198 0.117068
19.135 -11.4312 1.00047 -0.0924308 0.690369 -0.71018 0.102427
19.2901 -12.0949 1.02608 -0.0771605 0.692358 -0.71177 0.0898352
19.4569 -12.8383 1.05734 -0.0634639 0.6936 -0.713151 0.0794157
19.5935 -13.6101 1.0848 -0.0522204 0.694422 -0.714252 0.0699707
19.7442 -14.514 1.1859 -0.0447741 0.694835 -0.715232 0.0603591
19.8401 -15.2585 1.21284 -0.0372974 0.695527 -0.715505 0.0538913
19.9233 -16.0341 1.24131 -0.031106 0.695764 -0.715882 0.0495736
20.0043 -16.7931 1.27837 -0.0262798 0.69574 -0.71627 0.0470401
20.0858 -17.6288 1.31163 -0.0234922 0.695681 -0.716478 0.0462066
20.1278 -18.4975 1.35842 -0.0219304 0.695757 -0.71644 0.046418
20.1907 -19.3626 1.39558 -0.0208996 0.695684 -0.716508 0.0469394
20.3082 -20.3948 1.41667 -0.0209768 0.695594 -0.716579 0.0471523
20.3964 -21.4241 1.51712 -0.0224256 0.695284 -0.716928 0.0457251
20.4928 -22.3161 1.55491 -0.0225006 0.695706 -0.716485 0.0462218
20.5936 -23.2185 1.59152 -0.0223162 0.695396 -0.716756 0.0467637
20.6981 -24.1382 1.6334 -0.0225158 0.694804 -0.71729 0.0472782
20.7518 -25.1966 1.64638 -0.0231115 0.694238 -0.71774 0.0484591
20.824 -26.2167 1.68158 -0.0236624 0.694985 -0.716933 0.049418
20.9137 -27.2444 1.70676 -0.0238778 0.695467 -0.716412 0.0500845
20.9901 -28.4262 1.74695 -0.0250574 0.69512 -0.716672 0.0506137
21.1363 -29.3745 1.85888 -0.0265114 0.694083 -0.717751 0.0487785
21.2655 -30.3986 1.90217 -0.027762 0.693232 -0.718537 0.048617
21.3931 -31.4251 1.95008 -0.02891 0.692846 -0.718862 0.0486409
21.5628 -32.5124 1.99734 -0.0307106 0.693279 -0.718416 0.0479526
21.6929 -33.5744 2.0182 -0.0320885 0.693668 -0.717966 0.0481549
21.8294 -34.715 2.05861 -0.0338405 0.694437 -0.717135 0.0482515
21.9641 -35.8065 2.15374 -0.0360165 0.6948 -0.716706 0.0478402
22.0984 -36.8928 2.20899 -0.0364634 0.695408 -0.715999 0.0492329
22.2164 -37.9856 2.26219 -0.0370636 0.695324 -0.715931 0.0509263
22.3469 -39.059 2.31085 -0.03707 0.694555 -0.716533 0.0529183
22.4798 -40.1284 2.35842 -0.0372099 0.693925 -0.716995 0.0547969
22.6677 -41.2924 2.38419 -0.0382444 0.694661 -0.716176 0.0554584
22.8094 -42.4172 2.47218 -0.0402131 0.696636 -0.71417 0.0551593
22.9659 -43.5492 2.52355 -0.0407329 0.698223 -0.712545 0.0557148
23.1377 -44.6462 2.56519 -0.0402589 0.69766 -0.713038 0.0568104
23.302 -45.7968 2.58898 -0.0404593 0.694699 -0.715885 0.0571425
23.4668 -46.9082 2.64409 -0.0411662 0.692992 -0.717529 0.056742
23.6063 -48.1087 2.68663 -0.0415897 0.692694 -0.717803 0.0566013
23.7297 -49.31 2.73895 -0.0420075 0.69349 -0.717036 0.056272
23.9073 -50.4059 2.83052 -0.0432406 0.694216 -0.716448 0.0538225
24.074 -51.5439 2.8833 -0.0427821 0.694296 -0.716414 0.0535998
24.2546 -52.6956 2.92944 -0.0421183 0.693925 -0.716807 0.0536846
24.4434 -53.8669 2.97582 -0.041676 0.694176 -0.716622 0.0532543
24.5993 -55.0498 3.05011 -0.0412957 0.694573 -0.716251 0.053362
24.7835 -56.198 3.08807 -0.0408571 0.694782 -0.716104 0.0529466
24.9323 -57.3844 3.1618 -0.0414255 0.695784 -0.715222 0.0512512
25.0878 -58.5542 3.20117 -0.0400494 0.698014 -0.713089 0.0517361
25.2762 -59.6585 3.23344 -0.0385795 0.699078 -0.712113 0.0519243
25.4413 -60.8132 3.26941 -0.0359447 0.6993 -0.711918 0.0534748
25.5655 -62.0899 3.31683 -0.0356323 0.698573 -0.712561 0.0546094
25.6797 -63.3927 3.34793 -0.034505 0.697337 -0.71366 0.0567542
25.822 -64.6492 3.425 -0.0373282 0.695649 -0.71536 0.0542081
25.9961 -65.8743 3.48385 -0.0379262 0.69428 -0.716681 0.0539028
26.14 -67.1297 3.53753 -0.0388112 0.693355 -0.717525 0.0539391
26.301 -68.3628 3.60461 -0.0396596 0.693723 -0.717168 0.0533479
26.4456 -69.6417 3.65957 -0.040914 0.693677 -0.71717 0.0529615
26.5976 -70.9364 3.70105 -0.041254 0.692955 -0.717786 0.0538001
26.782 -72.2181 3.78839 -0.0430324 0.691735 -0.718946 0.0525997
26.9567 -73.4877 3.85106 -0.0435967 0.69076 -0.719812 0.0531093
27.1343 -74.8254 3.90879 -0.0446556 0.690473 -0.719991 0.0535267
27.3029 -76.164 3.96878 -0.0463562 0.690948 -0.719458 0.0531241
27.5136 -77.4364 4.07028 -0.0494504 0.691374 -0.719062 0.0500678
27.7214 -78.7269 4.13285 -0.0504195 0.691593 -0.718812 0.0496575
27.9237 -80.075 4.20222 -0.0514458 0.691861 -0.718442 0.0502212
28.1382 -81.4239 4.30242 -0.0538788 0.691844 -0.71841 0.0483343
28.3637 -82.7804 4.3548 -0.0542016 0.69256 -0.717659 0.0488817
28.5976 -84.1614 4.38593 -0.05466 0.692475 -0.71767 0.0493953
28.7552 -85.5718 4.48396 -0.0555118 0.692525 -0.717462 0.0507454
28.9379 -86.9405 4.59555 -0.057789 0.691931 -0.717937 0.049573
29.1685 -88.3047 4.66176 -0.0579609 0.692282 -0.717541 0.0502025
29.3797 -89.6935 4.72519 -0.0586579 0.692429 -0.717291 0.0509362
29.5846 -91.087 4.81217 -0.0589686 0.693094 -0.716553 0.051917
29.7993 -92.4338 4.91664 -0.0616083 0.693242 -0.716356 0.0495422
30.0211 -93.7815 4.97271 -0.0613735 0.693562 -0.716024 0.0501523
30.2456 -95.182 5.04099 -0.0616607 0.693491 -0.716034 0.0506281
30.4875 -96.5755 5.11414 -0.061252 0.693131 -0.716364 0.0513912
30.6951 -97.9589 5.22774 -0.0646508 0.691677 -0.717675 0.0484287
30.9242 -99.3369 5.29796 -0.0651819 0.69098 -0.718307 0.0483035
31.1589 -100.717 5.38892 -0.065301 0.690849 -0.718414 0.0484232
31.3688 -102.063 5.47318 -0.0656709 0.689775 -0.719421 0.0482699
31.5806 -103.447 5.59313 -0.0694119 0.688079 -0.720913 0.0448723
31.8256 -104.791 5.66088 -0.0701976 0.688216 -0.720769 0.0438553
32.0549 -106.237 5.74177 -0.0707912 0.688922 -0.720046 0.0436954
32.2835 -107.581 5.81714 -0.0716046 0.688954 -0.719971 0.0430917
32.5098 -109.01 5.92325 -0.0747427 0.687525 -0.721151 0.0407888
32.7225 -110.373 6.02029 -0.0757128 0.687545 -0.72103 0.0408059
32.9631 -111.714 6.10793 -0.076231 0.688203 -0.720354 0.0406894
33.2344 -113.037 6.19273 -0.0764575 0.68983 -0.718778 0.0405811
33.461 -114.405 6.28813 -0.0790991 0.689877 -0.718564 0.0384614
33.7066 -115.74 6.35856 -0.0788811 0.688972 -0.719398 0.0395251
33.9354 -117.095 6.4262 -0.0784021 0.688902 -0.719434 0.0410192
34.1706 -118.526 6.48404 -0.0795539 0.688871 -0.719315 0.0414074
34.4085 -119.789 6.55758 -0.07964 0.688846 -0.719283 0.0421956
34.6664 -121.184 6.64277 -0.083145 0.687893 -0.719957 0.0393949
34.9228 -122.534 6.71467 -0.0838021 0.688141 -0.719648 0.0393253
35.1678 -123.901 6.79191 -0.0843051 0.688345 -0.719347 0.0401784
35.4039 -125.311 6.85992 -0.0846867 0.688349 -0.719245 0.0411127
35.669 -126.757 6.95288 -0.0870504 0.687645 -0.719733 0.039386
35.9206 -128.143 7.03604 -0.0869643 0.687426 -0.719902 0.0402917
36.1681 -129.517 7.12783 -0.0877926 0.685966 -0.72117 0.0407017
36.4118 -130.919 7.19105 -0.0885936 0.684458 -0.722475 0.0412093
36.6957 -132.339 7.30063 -0.0913824 0.682896 -0.723774 0.0381377
36.9732 -133.759 7.39878 -0.0921463 0.682935 -0.723672 0.0375162
37.2418 -135.166 7.47881 -0.0926918 0.682725 -0.72382 0.0371416
37.4949 -136.549 7.56318 -0.0933765 0.68304 -0.723446 0.0369233
37.7913 -138.085 7.69083 -0.0971226 0.681651 -0.724448 0.0330892
38.0816 -139.467 7.77843 -0.0981658 0.681332 -0.724657 0.0319713
38.3448 -140.817 7.87328 -0.0987673 0.682323 -0.723664 0.0314787
38.6329 -142.31 7.99091 -0.101746 0.682164 -0.723535 0.0282284
38.8917 -143.717 8.07441 -0.101755 0.683132 -0.722616 0.0283196
39.1503 -145.094 8.16798 -0.101326 0.683406 -0.722373 0.0294162
39.4419 -146.467 8.22253 -0.100655 0.682953 -0.722864 0.0301905
39.7076 -147.923 8.35331 -0.101721 0.68143 -0.724194 0.0291361
40.0013 -149.348 8.43919 -0.100768 0.68072 -0.72495 0.0302123
40.2517 -150.754 8.54752 -0.10094 0.679877 -0.725658 0.031604
40.5305 -152.221 8.66123 -0.100808 0.680666 -0.724896 0.0325139
40.8409 -153.753 8.78139 -0.104254 0.681178 -0.724105 0.0282705
41.1203 -155.15 8.86593 -0.104406 0.681981 -0.723345 0.0278028
41.3953 -156.541 8.95029 -0.104732 0.68118 -0.724036 0.0282503
41.6892 -157.966 9.05163 -0.103602 0.68061 -0.724645 0.0304338
41.9795 -159.348 9.18949 -0.102449 0.681237 -0.724118 0.0327683
42.226 -160.826 9.33099 -0.105309 0.678998 -0.725854 0.0317461
42.5247 -162.188 9.42749 -0.105026 0.67785 -0.726902 0.0331959
42.809 -163.58 9.53375 -0.106978 0.677617 -0.726885 0.0320828
43.0715 -164.964 9.64466 -0.108898 0.677863 -0.726407 0.0312334
43.3486 -166.347 9.78261 -0.11174 0.678073 -0.725884 0.0287056
43.6777 -167.724 9.88247 -0.112532 0.677919 -0.725921 0.0283019
43.9435 -169.147 9.99561 -0.113401 0.676886 -0.726724 0.0289333
44.228 -170.498 10.0948 -0.114268 0.676489 -0.72697 0.028644
44.5262 -171.851 10.2327 -0.116533 0.676037 -0.727134 0.0259076
44.824 -173.196 10.3422 -0.117001 0.676159 -0.726952 0.0256817
45.0956 -174.605 10.4514 -0.117278 0.676283 -0.726756 0.0267059
45.408 -175.935 10.5697 -0.117009 0.677844 -0.725344 0.0267
45.7125 -177.372 10.7045 -0.118833 0.678641 -0.724381 0.0244311
45.9776 -178.675 10.808 -0.118569 0.679225 -0.723854 0.0250941
46.2576 -180.005 10.8809 -0.118387 0.678349 -0.724683 0.0257355
46.4938 -181.362 10.9749 -0.118432 0.676944 -0.725934 0.027229
46.8077 -182.658 11.0797 -0.119572 0.674962 -0.727655 0.0254491
47.1109 -184.014 11.18 -0.119221 0.675229 -0.727462 0.0255405
47.3935 -185.362 11.2829 -0.119122 0.676472 -0.726318 0.0256503
47.6952 -186.702 11.363 -0.118987 0.676903 -0.725939 0.0256323
48.0395 -188.084 11.4442 -0.118583 0.676566 -0.726316 0.0257047
48.3025 -189.517 11.5986 -0.119771 0.675623 -0.727048 0.0242761
48.5834 -190.915 11.72 -0.119788 0.675349 -0.727273 0.0250651
48.8827 -192.272 11.7979 -0.119831 0.673924 -0.728585 0.0251147
49.1692 -193.632 11.925 -0.11974 0.671813 -0.730523 0.0257934
49.4531 -194.985 12.0852 -0.12295 0.670066 -0.731693 0.0228045
49.7671 -196.287 12.2207 -0.123954 0.670024 -0.73157 0.0225555
50.0595 -197.736 12.3632 -0.125541 0.671411 -0.730033 0.0223397
50.3731 -199.084 12.4921 -0.128292 0.67177 -0.729299 0.0197457
50.6713 -200.485 12.6074 -0.128816 0.672976 -0.728072 0.0205132
50.9866 -201.829 12.6996 -0.128566 0.673036 -0.728018 0.0220036
51.2483 -203.212 12.8233 -0.129125 0.672673 -0.728171 0.024572
51.5946 -204.627 12.9526 -0.131397 0.671655 -0.728751 0.0231593
51.9143 -206.036 13.0594 -0.133165 0.671933 -0.728176 0.023094
52.2498 -207.4 13.1635 -0.134019 0.673068 -0.726965 0.0232529
52.5779 -208.783 13.2772 -0.13656 0.672984 -0.72664 0.0209616
52.9092 -210.154 13.3776 -0.136455 0.673244 -0.72639 0.0219117
53.2613 -211.531 13.4724 -0.135148 0.672587 -0.727163 0.0244106
53.5927 -212.892 13.5672 -0.136147 0.6705 -0.728869 0.0253937
53.896 -214.288 13.7101 -0.139504 0.669319 -0.729362 0.0240934
54.2422 -215.64 13.8246 -0.141442 0.670891 -0.727579 0.0229893
54.6089 -217.021 13.9171 -0.14249 0.672516 -0.725881 0.0227127
54.9053 -218.33 14.009 -0.143702 0.672252 -0.725814 0.0249142
55.2501 -219.72 14.115 -0.146147 0.669586 -0.7278 0.0245521
55.6092 -221.085 14.2262 -0.145535 0.66894 -0.728427 0.0270808
55.9776 -222.449 14.3547 -0.147236 0.669623 -0.727462 0.0269477
56.3479 -223.868 14.462 -0.149012 0.669025 -0.727679 0.0261415
56.7177 -225.234 14.5618 -0.150908 0.667478 -0.72873 0.0255378
57.0806 -226.585 14.6727 -0.152495 0.665189 -0.730525 0.0245604
57.4447 -227.984 14.7926 -0.154469 0.662749 -0.732382 0.0228086
57.8078 -229.316 14.911 -0.155066 0.663942 -0.7312 0.021969
58.1621 -230.697 15.0313 -0.156607 0.664752 -0.730195 0.0198515
58.5295 -232.102 15.149 -0.156724 0.664901 -0.730044 0.0194844
58.9418 -233.506 15.2527 -0.156024 0.665388 -0.729751 0.0194588
59.3304 -234.902 15.3805 -0.156447 0.665464 -0.729614 0.0185977
59.71 -236.392 15.5095 -0.156925 0.665801 -0.729229 0.0175714
60.0407 -237.689 15.6115 -0.157433 0.664837 -0.730039 0.0158212
60.405 -239.071 15.7261 -0.157347 0.666515 -0.728543 0.0150321
60.7505 -240.466 15.8375 -0.156506 0.666336 -0.728859 0.0163436
61.0914 -241.86 15.9359 -0.156927 0.664995 -0.729983 0.0167416
61.4542 -243.248 16.0408 -0.15711 0.664233 -0.730646 0.0163545
61.8595 -244.662 16.1792 -0.15884 0.663408 -0.731072 0.0139156
62.232 -246.067 16.2999 -0.158318 0.664115 -0.730539 0.0141697
62.5989 -247.463 16.4211 -0.158041 0.665928 -0.728936 0.0146592
62.9821 -248.868 16.5041 -0.156848 0.666635 -0.72852 0.0159891
63.333 -250.358 16.6279 -0.157433 0.664777 -0.730096 0.0156804
63.7129 -251.779 16.7479 -0.157639 0.662726 -0.731907 0.0159791
64.0927 -253.233 16.8683 -0.157838 0.661041 -0.73338 0.0163034
64.4679 -254.65 17.0133 -0.158734 0.660668 -0.733544 0.0153295
64.868 -256.075 17.1352 -0.159095 0.660666 -0.733484 0.0144767
65.2375 -257.488 17.2749 -0.160748 0.659462 -0.734248 0.0122434
65.632 -258.917 17.4116 -0.161194 0.65844 -0.735076 0.0116875
65.9883 -260.385 17.5759 -0.161721 0.658559 -0.734858 0.0114536
66.3728 -261.816 17.7221 -0.161747 0.659872 -0.733684 0.010751
66.8032 -263.171 17.8572 -0.161342 0.661112 -0.732667 0.00998537
67.1928 -264.681 17.9635 -0.162266 0.659664 -0.733787 0.00835039
67.5717 -266.117 18.0986 -0.161769 0.6606 -0.733049 0.00880286
67.9731 -267.562 18.222 -0.161126 0.661775 -0.73213 0.00881989
68.3035 -269.128 18.3654 -0.161078 0.661574 -0.73231 0.00977748
68.7195 -270.681 18.5133 -0.161162 0.66046 -0.733297 0.00977906
69.0943 -272.156 18.6152 -0.162549 0.658008 -0.735216 0.00785892
69.5159 -273.621 18.7367 -0.161947 0.657874 -0.735468 0.00780124
69.9212 -275.083 18.8711 -0.161869 0.658176 -0.735215 0.00786185
70.2922 -276.55 19.0131 -0.162043 0.658512 -0.734874 0.00799336
70.6778 -278.115 19.155 -0.163497 0.657285 -0.735663 0.00671823
71.0838 -279.588 19.2842 -0.162848 0.657622 -0.735504 0.00690505
71.4821 -281.03 19.4146 -0.162757 0.656579 -0.736456 0.00686254
71.864 -282.601 19.5588 -0.16359 0.654673 -0.737968 0.00664524
72.2988 -284.136 19.7067 -0.162976 0.655058 -0.737763 0.00665294
72.7033 -285.669 19.8696 -0.162583 0.655913 -0.737087 0.00690135
73.1092 -287.299 20.0101 -0.16294 0.654345 -0.738399 0.00705488
73.4913 -288.824 20.1739 -0.162572 0.65364 -0.739099 0.00766517
73.8783 -290.308 20.3449 -0.162597 0.653792 -0.738957 0.00773536
74.31 -291.919 20.4912 -0.163911 0.652597 -0.739735 0.00643324
74.7288 -293.501 20.6605 -0.164045 0.651824 -0.740385 0.00667478
75.1377 -295.022 20.8615 -0.164942 0.651108 -0.740823 0.00576938
75.5411 -296.654 21.0494 -0.165605 0.650758 -0.740987 0.00531595
75.952 -298.164 21.2027 -0.167061 0.650081 -0.741266 0.00315516
76.363 -299.669 21.383 -0.167745 0.650074 -0.741121 0.00217265
76.7854 -301.215 21.545 -0.168399 0.650068 -0.740981 0.00108819
77.1909 -302.727 21.6939 -0.168025 0.651091 -0.740167 0.00053679
77.6178 -304.312 21.8555 -0.168414 0.651846 -0.739414 -0.000412692
78.0275 -305.884 22.0263 -0.16771 0.652906 -0.738639 -0.000570464
78.4418 -307.499 22.208 -0.167162 0.653 -0.73868 0.000113615
78.8865 -309.129 22.3783 -0.166518 0.651726 -0.739949 0.000564158
79.2862 -310.756 22.5664 -0.1665 0.650277 -0.741227 0.000963599
79.7401 -312.343 22.7865 -0.167331 0.649902 -0.741368 -0.00095638
80.1562 -313.908 22.9721 -0.166896 0.651116 -0.7404 -0.0013611
80.5998 -315.464 23.1554 -0.166201 0.652208 -0.739593 -0.00192565
81.0001 -317.043 23.3215 -0.165741 0.652758 -0.739212 -0.00167472
81.4078 -318.695 23.5091 -0.165399 0.653421 -0.738704 -0.000694716
81.8295 -320.303 23.7185 -0.165455 0.653511 -0.738609 -0.00217955
82.2399 -321.843 23.8866 -0.164466 0.651977 -0.740186 -0.00139043
82.6665 -323.414 24.0274 -0.163655 0.648863 -0.743098 -0.000652796
83.0675 -324.996 24.1935 -0.163552 0.648263 -0.743643 -0.00107962
83.4667 -326.628 24.4788 -0.165572 0.647947 -0.743461 -0.00403168
83.8878 -328.169 24.6674 -0.166766 0.648251 -0.742911 -0.00659398
84.2993 -329.703 24.8226 -0.168123 0.647949 -0.742838 -0.00945007
84.7076 -331.25 24.9834 -0.168739 0.647896 -0.742713 -0.0116351
85.0776 -332.832 25.2356 -0.169897 0.648389 -0.741988 -0.0134829
85.4685 -334.381 25.4281 -0.169588 0.649388 -0.741179 -0.0137301
85.8559 -335.905 25.6069 -0.168879 0.649816 -0.740974 -0.0132893
86.214 -337.455 25.8138 -0.16814 0.650697 -0.740388 -0.0121538
86.5929 -338.93 26.0281 -0.169357 0.650527 -0.740233 -0.0137035
86.9695 -340.448 26.1914 -0.169372 0.650796 -0.739998 -0.0134179
87.3555 -342.036 26.4106 -0.169478 0.651222 -0.739602 -0.01325
87.7567 -343.604 26.6116 -0.16944 0.651573 -0.739302 -0.0132491
88.1486 -345.158 26.8327 -0.170337 0.651738 -0.738933 -0.0141801
88.5113 -346.689 27.0022 -0.170534 0.651514 -0.739098 -0.0135116
88.9015 -348.249 27.1718 -0.169943 0.651392 -0.739362 -0.0123195
89.2836 -349.777 27.3527 -0.16988 0.651205 -0.739553 -0.0116053
89.6905 -351.32 27.5357 -0.171069 0.649913 -0.740397 -0.0127269
90.0877 -352.824 27.701 -0.171081 0.649763 -0.74053 -0.0124373
90.5111 -354.438 27.8668 -0.171482 0.650316 -0.739949 -0.0125865
90.829 -355.962 28.1099 -0.171932 0.651539 -0.738774 -0.0121784
91.2536 -357.522 28.2587 -0.174068 0.649964 -0.739626 -0.0141671
91.6261 -359.097 28.4299 -0.17434 0.649364 -0.740105 -0.0133095
92.0176 -360.656 28.6229 -0.174765 0.64888 -0.74044 -0.0126814
92.3755 -362.172 28.8004 -0.17587 0.648671 -0.740369 -0.0122182
92.8205 -363.654 28.9611 -0.177637 0.646963 -0.741399 -0.0145704
93.2207 -365.192 29.1576 -0.177967 0.647114 -0.741196 -0.014114
93.6007 -366.71 29.32 -0.178418 0.646777 -0.741387 -0.0138345
93.9796 -368.167 29.5188 -0.178322 0.64701 -0.741224 -0.0128536
94.3822 -369.71 29.6939 -0.180189 0.645883 -0.741733 -0.0141226
94.7532 -371.21 29.8691 -0.180629 0.6456 -0.741884 -0.0134916
95.1187 -372.777 30.058 -0.180861 0.645736 -0.741737 -0.0118155
95.5396 -374.286 30.2641 -0.182415 0.644738 -0.742202 -0.0131814
95.9663 -375.787 30.4498 -0.182407 0.644206 -0.742675 -0.0126644
96.3485 -377.3 30.6202 -0.182466 0.643575 -0.743226 -0.0114924
96.7316 -378.718 30.8095 -0.182262 0.644027 -0.742899 -0.0105347
97.1562 -380.201 30.9958 -0.184173 0.643085 -0.743201 -0.0132138
97.5753 -381.694 31.176 -0.18375 0.642663 -0.743678 -0.0127844
97.9826 -383.197 31.3791 -0.184704 0.641561 -0.744392 -0.0128268
98.3977 -384.703 31.5616 -0.186221 0.639878 -0.745431 -0.01449
98.8105 -386.179 31.7408 -0.186983 0.640025 -0.745088 -0.0157646
99.2265 -387.688 31.9163 -0.187673 0.639187 -0.745623 -0.0162426
99.6264 -389.164 32.0986 -0.187329 0.638492 -0.746317 -0.0157008
