   1317057075.681294 0.760262 0.008175 0.016601 -0.000554 -0.000299 -0.002638 0.999996
   1317057075.681294 1.577609 0.012397 0.031078 -0.001365 -0.001495 -0.006148 0.999979
   1317057075.706218 2.302705 0.005687 0.039141 -0.002475 -0.002108 -0.009970 0.999945
   1317057075.806282 3.009771 -0.005885 0.048417 -0.003470 -0.003394 -0.014399 0.999885
   1317057075.906270 3.765987 -0.026867 0.057264 -0.003095 -0.004623 -0.020585 0.999773
   1317057076.006281 4.437262 -0.058063 0.068013 -0.002191 -0.005533 -0.027270 0.999610
   1317057076.106339 5.091655 -0.098728 0.069408 -0.000854 -0.005278 -0.034802 0.999380
   1317057076.231330 5.791758 -0.146717 0.068137 0.000130 -0.005640 -0.044558 0.998991
   1317057076.331233 6.415659 -0.197252 0.060453 0.000380 -0.006287 -0.054876 0.998473
   1317057076.431243 7.022902 -0.257448 0.055552 0.000103 -0.006092 -0.066265 0.997783
   1317057076.531302 7.678834 -0.343181 0.057720 0.001064 -0.005973 -0.080254 0.996756
   1317057076.631345 8.267540 -0.435659 0.059262 0.003508 -0.006814 -0.095107 0.995438
   1317057076.756216 8.906218 -0.550869 0.050158 0.006994 -0.007032 -0.113131 0.993531
   1317057076.856245 9.479089 -0.679178 0.045372 0.008983 -0.006893 -0.130673 0.991361
   1317057076.956268 10.045783 -0.831119 0.049939 0.009545 -0.006518 -0.149000 0.988770
   1317057077.056331 10.660580 -1.025377 0.060362 0.010590 -0.006445 -0.170062 0.985355
   1317057077.156326 11.205907 -1.216555 0.075756 0.011686 -0.006698 -0.189836 0.981724
   1317057077.256273 11.737145 -1.426912 0.092135 0.011700 -0.006886 -0.209763 0.977658
   1317057077.356231 12.310784 -1.686686 0.111407 0.011624 -0.006345 -0.231307 0.972791
   1317057077.456341 12.819110 -1.946339 0.135509 0.011359 -0.004368 -0.250733 0.967980
   1317057077.581269 13.357297 -2.251666 0.162075 0.011218 -0.003059 -0.271989 0.962230
   1317057077.681368 13.839685 -2.550311 0.177060 0.011745 -0.003020 -0.291563 0.956475
   1317057077.781265 14.355782 -2.896825 0.184061 0.012726 -0.005009 -0.313887 0.949362
   1317057077.881255 14.822867 -3.236297 0.183720 0.013575 -0.008452 -0.334706 0.942187
   1317057077.981212 15.276861 -3.601544 0.197260 0.013417 -0.009889 -0.356006 0.934335
   1317057078.081360 15.719292 -3.992368 0.213010 0.011354 -0.010203 -0.378161 0.925614
   1317057078.206221 16.193312 -4.453598 0.237949 0.010365 -0.010046 -0.403385 0.914917
   1317057078.306266 16.600507 -4.894841 0.259268 0.010356 -0.010396 -0.426382 0.904424
   1317057078.406248 17.032388 -5.413238 0.285385 0.009995 -0.011448 -0.451647 0.892067
   1317057078.506328 17.404785 -5.908284 0.311730 0.008845 -0.013113 -0.474520 0.880103
   1317057078.606270 17.754794 -6.430722 0.337014 0.008013 -0.014693 -0.496898 0.867648
   1317057078.706308 18.074863 -6.974580 0.359261 0.007339 -0.014587 -0.519282 0.854447
   1317057078.806291 18.397927 -7.597520 0.381731 0.006440 -0.013905 -0.543636 0.839181
   1317057078.906230 18.661655 -8.185860 0.406134 0.005880 -0.012898 -0.565099 0.824901
   1317057079.031486 18.924695 -8.855428 0.432097 0.005502 -0.012127 -0.587273 0.809279
   1317057079.131525 19.131670 -9.485048 0.456549 0.005267 -0.010993 -0.604995 0.796136
   1317057079.231226 19.312390 -10.131512 0.480751 0.005373 -0.009401 -0.619972 0.784549
   1317057079.331363 19.486931 -10.863079 0.503375 0.006069 -0.007726 -0.633836 0.773405
   1317057079.431271 19.627170 -11.543720 0.520777 0.006460 -0.006970 -0.644346 0.764675
   1317057079.531294 19.754524 -12.242030 0.538111 0.006289 -0.006993 -0.653105 0.757209
   1317057079.656280 19.873821 -13.028058 0.559935 0.006156 -0.006593 -0.660746 0.750555
   1317057079.756240 19.970139 -13.759714 0.571630 0.006589 -0.005404 -0.665921 0.745973
   1317057079.856258 20.054493 -14.509204 0.585218 0.007496 -0.004034 -0.669345 0.742903
   1317057079.956241 20.148126 -15.432929 0.598285 0.008113 -0.003001 -0.671573 0.740888
   1317057080.056315 20.217793 -16.143795 0.614486 0.008559 -0.001998 -0.672378 0.740156
   1317057080.156233 20.293617 -16.949717 0.632213 0.008881 -0.001166 -0.672829 0.739744
   1317057080.256260 20.369823 -17.775147 0.643178 0.008827 -0.000796 -0.672971 0.739615
   1317057080.356240 20.456590 -18.702651 0.658668 0.008553 -0.000290 -0.672821 0.739755
   1317057080.456255 20.534688 -19.565072 0.670460 0.008254 0.000159 -0.672457 0.740090
   1317057080.556275 20.615907 -20.441803 0.687131 0.008764 0.000407 -0.672169 0.740346
   1317057080.681248 20.707710 -21.424420 0.702628 0.009826 0.000224 -0.671829 0.740641
   1317057080.781261 20.795659 -22.334642 0.718375 0.010177 0.000695 -0.671491 0.740943
   1317057080.881266 20.885968 -23.260295 0.744136 0.009301 0.001264 -0.671078 0.741327
   1317057080.981236 20.985968 -24.294271 0.768292 0.008363 0.002204 -0.670804 0.741585
   1317057081.081265 21.079249 -25.247744 0.783251 0.008555 0.001761 -0.670457 0.741897
   1317057081.181263 21.168799 -26.213942 0.784169 0.009591 0.001508 -0.670213 0.742105
   1317057081.306269 21.277155 -27.291077 0.796720 0.010544 0.000157 -0.669613 0.742635
   1317057081.406257 21.379959 -28.281845 0.816097 0.010837 -0.000975 -0.669008 0.743176
   1317057081.506275 21.498599 -29.385199 0.845933 0.009641 -0.002153 -0.668170 0.743943
   1317057081.606229 21.609719 -30.399458 0.874591 0.008218 -0.002508 -0.667351 0.744694
   1317057081.706244 21.722612 -31.418759 0.905267 0.006850 -0.002801 -0.666421 0.745539
   1317057081.806328 21.852695 -32.546947 0.934551 0.006072 -0.002320 -0.665393 0.746465
   1317057081.906252 21.977476 -33.578901 0.960617 0.005559 -0.001422 -0.664275 0.747466
   1317057082.006273 22.104920 -34.614695 0.985985 0.005876 -0.000919 -0.663183 0.748434
   1317057082.131267 22.247880 -35.758069 1.013502 0.007638 0.000011 -0.661933 0.749524
   1317057082.231277 22.382769 -36.801494 1.040605 0.008684 0.000912 -0.660807 0.750505
   1317057082.331265 22.525441 -37.850959 1.067846 0.007177 0.000876 -0.659804 0.751403
   1317057082.431285 22.680180 -39.012156 1.101234 0.004208 0.002534 -0.658900 0.752215
   1317057082.531261 22.824606 -40.073633 1.125792 0.002171 0.003395 -0.658256 0.752784
   1317057082.631260 22.969293 -41.137541 1.145750 0.002685 0.003368 -0.657865 0.753124
   1317057082.756245 23.128366 -42.310924 1.156195 0.007555 0.003037 -0.657519 0.753394
   1317057082.856236 23.275362 -43.381668 1.177888 0.009575 0.001502 -0.657362 0.753512
   1317057082.956291 23.435269 -44.566118 1.211760 0.009189 0.000966 -0.657354 0.753526
   1317057083.056271 23.580579 -45.646730 1.246622 0.007825 0.000990 -0.657588 0.753337
   1317057083.156304 23.726659 -46.731212 1.277120 0.006685 0.001015 -0.657900 0.753075
   1317057083.256274 23.885984 -47.929155 1.304210 0.006886 0.001242 -0.658225 0.752789
   1317057083.356303 24.029499 -49.021904 1.328725 0.007317 0.001497 -0.658426 0.752608
   1317057083.456246 24.175430 -50.121253 1.353535 0.006981 0.001880 -0.658683 0.752386
   1317057083.581283 24.335153 -51.338908 1.385615 0.006557 0.002378 -0.658961 0.752145
   1317057083.681251 24.479339 -52.454039 1.410671 0.006455 0.002331 -0.659284 0.751863
   1317057083.781266 24.625526 -53.575858 1.437230 0.004945 0.003730 -0.659592 0.751598
   1317057083.881240 24.786283 -54.818698 1.465217 0.002121 0.006148 -0.659926 0.751302
   1317057083.981261 24.931552 -55.955975 1.483624 0.001158 0.008141 -0.660131 0.751105
   1317057084.081244 25.077566 -57.101293 1.494295 0.002224 0.010926 -0.660476 0.750764
   1317057084.206248 25.239954 -58.370438 1.505586 0.003450 0.011620 -0.660399 0.750817
   1317057084.306260 25.387991 -59.531079 1.513499 0.005705 0.013114 -0.660329 0.750841
   1317057084.406241 25.553791 -60.816098 1.525093 0.007644 0.012026 -0.660068 0.751070
   1317057084.506265 25.709698 -61.992566 1.542230 0.008987 0.010519 -0.659836 0.751282
   1317057084.606281 25.869639 -63.180144 1.563489 0.010075 0.009718 -0.659442 0.751625
   1317057084.706274 26.045595 -64.493002 1.596709 0.009307 0.008462 -0.659182 0.751878
   1317057084.806286 26.205110 -65.692534 1.626151 0.009097 0.007364 -0.658935 0.752109
   1317057084.906305 26.366112 -66.899533 1.656443 0.009527 0.007439 -0.658533 0.752454
   1317057085.031304 26.544298 -68.236597 1.693948 0.011183 0.007858 -0.657818 0.753053
   1317057085.131280 26.711402 -69.460605 1.728147 0.012277 0.007348 -0.657233 0.753551
   1317057085.231305 26.882089 -70.692588 1.763010 0.012252 0.007091 -0.656602 0.754104
   1317057085.331291 27.077727 -72.058646 1.803832 0.010888 0.005931 -0.655949 0.754703
   1317057085.431314 27.259422 -73.309327 1.840475 0.009702 0.005112 -0.655413 0.755191
   1317057085.531340 27.445797 -74.569059 1.875722 0.009050 0.004206 -0.654846 0.755696
   1317057085.656303 27.651559 -75.965713 1.913924 0.008821 0.004077 -0.654053 0.756386
   1317057085.756315 27.840513 -77.241799 1.938540 0.007949 0.004535 -0.653347 0.757003
   1317057085.856260 28.031512 -78.525962 1.966902 0.007066 0.004942 -0.652753 0.757522
   1317057085.956309 28.246131 -79.947027 1.998609 0.006614 0.005144 -0.651998 0.758175
   1317057086.056302 28.444363 -81.245182 2.027443 0.006976 0.005524 -0.651389 0.758692
   1317057086.156357 28.664646 -82.677718 2.058640 0.007218 0.006207 -0.650670 0.759301
   1317057086.256295 28.866642 -83.982072 2.083466 0.006766 0.006930 -0.650024 0.759852
   1317057086.356333 29.068012 -85.287498 2.109084 0.006235 0.007189 -0.649392 0.760394
   1317057086.481260 29.295140 -86.726499 2.132610 0.005516 0.007830 -0.648856 0.760851
   1317057086.581283 29.507458 -88.036774 2.158937 0.004604 0.007986 -0.648500 0.761158
   1317057086.681298 29.718655 -89.345858 2.180314 0.004242 0.008695 -0.648209 0.761401
   1317057086.781323 29.949271 -90.784702 2.202854 0.004646 0.009151 -0.647768 0.761769
   1317057086.881264 30.158880 -92.094016 2.223275 0.005427 0.009643 -0.647524 0.761965
   1317057086.981324 30.370998 -93.403532 2.248839 0.006262 0.009077 -0.647293 0.762161
   1317057087.106291 30.605130 -94.845921 2.277605 0.007077 0.008696 -0.647069 0.762349
   1317057087.206309 30.822996 -96.157158 2.311559 0.007295 0.008392 -0.646902 0.762492
   1317057087.306320 31.042894 -97.466271 2.343598 0.008968 0.007406 -0.646731 0.762629
   1317057087.406302 31.285989 -98.905705 2.389768 0.009716 0.006748 -0.646516 0.762809
   1317057087.506323 31.510870 -100.214339 2.440321 0.008829 0.006002 -0.646312 0.762999
   1317057087.606305 31.737307 -101.522519 2.491639 0.007714 0.006121 -0.646155 0.763143
   1317057087.706289 31.982056 -102.955131 2.538512 0.007357 0.005704 -0.645754 0.763489
   1317057087.806299 32.200660 -104.253168 2.570371 0.008156 0.005595 -0.645341 0.763831
   1317057087.931302 32.445019 -105.682071 2.609948 0.007958 0.004767 -0.644844 0.764258
   1317057088.031329 32.668805 -106.983548 2.645390 0.007129 0.004676 -0.644461 0.764590
   1317057088.131358 32.894513 -108.287866 2.681860 0.005121 0.004895 -0.643977 0.765012
   1317057088.231296 33.143282 -109.722947 2.715073 0.004036 0.005614 -0.643344 0.765546
   1317057088.331307 33.370142 -111.027271 2.736970 0.005620 0.006545 -0.642841 0.765951
   1317057088.431301 33.600483 -112.335160 2.759681 0.006358 0.007654 -0.642331 0.766363
   1317057088.556297 33.860103 -113.777893 2.787883 0.005682 0.007429 -0.641548 0.767026
   1317057088.656296 34.098887 -115.091380 2.814191 0.006079 0.008048 -0.640922 0.767539
   1317057088.756289 34.342583 -116.405190 2.838116 0.005658 0.007164 -0.640361 0.768020
   1317057088.856284 34.612736 -117.853717 2.868354 0.005096 0.006922 -0.639721 0.768560
   1317057088.956285 34.858903 -119.172356 2.886648 0.004957 0.007219 -0.639137 0.769043
   1317057089.056322 35.111700 -120.499775 2.913621 0.005069 0.007921 -0.638554 0.769520
   1317057089.156313 35.390686 -121.960383 2.939193 0.004962 0.008712 -0.637954 0.770009
   1317057089.256319 35.645446 -123.288497 2.960333 0.005550 0.009237 -0.637414 0.770446
   1317057089.356316 35.901275 -124.620839 2.980488 0.007637 0.008503 -0.636875 0.770883
   1317057089.481319 36.187470 -126.090875 3.008109 0.009387 0.007603 -0.636454 0.771220
   1317057089.581375 36.448759 -127.433869 3.041027 0.009496 0.006635 -0.636326 0.771333
   1317057089.681330 36.738774 -128.919860 3.084088 0.009173 0.005323 -0.636078 0.771552
   1317057089.781304 37.006708 -130.271993 3.117877 0.009079 0.004806 -0.635824 0.771766
   1317057089.881332 37.278528 -131.628525 3.154875 0.008054 0.004391 -0.635700 0.771882
   1317057090.006300 37.582214 -133.124530 3.200340 0.007631 0.002757 -0.635657 0.771929
   1317057090.106397 37.852933 -134.481323 3.235750 0.007502 0.001548 -0.635497 0.772066
   1317057090.206290 38.123939 -135.839883 3.275689 0.005991 0.001271 -0.635341 0.772207
   1317057090.306354 38.422806 -137.333592 3.315879 0.003587 0.001817 -0.635253 0.772294
   1317057090.406369 38.691799 -138.690728 3.349326 0.002514 0.002747 -0.635092 0.772428
   1317057090.506324 38.958461 -140.044413 3.380341 0.002672 0.003633 -0.634857 0.772616
   1317057090.606296 39.250352 -141.530333 3.413922 0.003588 0.004772 -0.634678 0.772754
   1317057090.706359 39.517075 -142.880956 3.446291 0.004501 0.006575 -0.634512 0.772872
   1317057090.806337 39.780869 -144.229793 3.481630 0.005765 0.007991 -0.634156 0.773143
   1317057090.931334 40.073748 -145.713077 3.521446 0.007236 0.008380 -0.633633 0.773555
   1317057091.031317 40.339744 -147.060670 3.564626 0.006464 0.008896 -0.633508 0.773658
   1317057091.131339 40.638935 -148.541591 3.612324 0.002964 0.007758 -0.633489 0.773707
   1317057091.231310 40.908833 -149.881946 3.642973 0.001683 0.008042 -0.633548 0.773660
   1317057091.331300 41.172928 -151.219118 3.665942 0.002882 0.007891 -0.633256 0.773897
   1317057091.456317 41.460340 -152.689248 3.697283 0.004487 0.009843 -0.632811 0.774230
   1317057091.556305 41.721858 -154.019997 3.723040 0.004982 0.011338 -0.632215 0.774694
   1317057091.656336 41.987882 -155.347348 3.751453 0.006461 0.011107 -0.631350 0.775391
   1317057091.756335 42.282496 -156.804247 3.787191 0.008643 0.012062 -0.630669 0.775910
   1317057091.856388 42.556271 -158.125688 3.826992 0.007865 0.010091 -0.630270 0.776271
   1317057091.956336 42.825727 -159.444284 3.868139 0.007254 0.008638 -0.629761 0.776707
   1317057092.056365 43.121793 -160.896364 3.913503 0.005452 0.007872 -0.629129 0.777242
   1317057092.156340 43.395052 -162.212220 3.952997 0.005488 0.007084 -0.628611 0.777668
   1317057092.281337 43.701945 -163.654745 3.994076 0.006920 0.006081 -0.628151 0.778037
   1317057092.381322 43.981823 -164.962915 4.033222 0.007042 0.005094 -0.627810 0.778318
   1317057092.481301 44.263220 -166.268353 4.075764 0.006156 0.004437 -0.627507 0.778574
   1317057092.581325 44.573269 -167.700507 4.120747 0.006071 0.004064 -0.627178 0.778842
   1317057092.681304 44.855860 -168.999635 4.162448 0.005943 0.004412 -0.626918 0.779050
   1317057092.781330 45.139944 -170.295270 4.201961 0.004255 0.004961 -0.626655 0.779269
   1317057092.906332 45.448233 -171.717300 4.247894 0.001602 0.005670 -0.626384 0.779492
   1317057093.006308 45.730674 -173.008686 4.281433 0.001489 0.006338 -0.626310 0.779547
   1317057093.106324 46.021060 -174.298225 4.309297 0.002593 0.006345 -0.626326 0.779531
   1317057093.206391 46.334088 -175.712348 4.337514 0.004807 0.005960 -0.626310 0.779536
   1317057093.306378 46.616935 -176.997384 4.365105 0.006386 0.005913 -0.626257 0.779568
   1317057093.406307 46.899723 -178.285375 4.399118 0.006088 0.006233 -0.626223 0.779596
   1317057093.506332 47.214041 -179.704212 4.438204 0.004435 0.006834 -0.626191 0.779627
   1317057093.606400 47.499693 -180.997890 4.469499 0.003802 0.007171 -0.626076 0.779720
   1317057093.706334 47.786936 -182.293766 4.498930 0.004285 0.007503 -0.626077 0.779713
   1317057093.831354 48.103002 -183.721789 4.531279 0.005036 0.008699 -0.626178 0.779615
   1317057093.931355 48.389615 -185.022498 4.561762 0.005492 0.008857 -0.626081 0.779689
   1317057094.031355 48.708742 -186.452867 4.596675 0.007715 0.009156 -0.625965 0.779759
   1317057094.131360 49.000156 -187.755807 4.634566 0.010482 0.008240 -0.625891 0.779797
   1317057094.256362 49.326397 -189.193313 4.688697 0.011268 0.006305 -0.625571 0.780060
   1317057094.356348 49.622469 -190.501990 4.742911 0.010885 0.005088 -0.624928 0.780590
   1317057094.456395 49.923092 -191.812335 4.804607 0.008629 0.004143 -0.624354 0.781083
   1317057094.556337 50.223414 -193.122695 4.860855 0.006653 0.004052 -0.623829 0.781522
   1317057094.656340 50.563463 -194.565184 4.918155 0.004942 0.004587 -0.623111 0.782105
   1317057094.756347 50.875493 -195.876376 4.965105 0.005440 0.006119 -0.622234 0.782788
   1317057094.856370 51.188304 -197.185610 5.009404 0.006645 0.006986 -0.621245 0.783557
   1317057094.956359 51.535915 -198.626347 5.062556 0.006422 0.007478 -0.620262 0.784333
   1317057095.056374 51.854522 -199.931963 5.109674 0.005174 0.006602 -0.619445 0.784996
   1317057095.181371 52.210038 -201.372197 5.159707 0.003796 0.006221 -0.618779 0.785531
   1317057095.281324 52.532156 -202.683648 5.199078 0.002311 0.005804 -0.618345 0.785882
   1317057095.381374 52.854341 -203.996134 5.231041 0.002343 0.007085 -0.617871 0.786244
   1317057095.481325 53.209940 -205.436495 5.262643 0.004633 0.009250 -0.617084 0.786829
   1317057095.581349 53.538024 -206.745766 5.297247 0.006822 0.008826 -0.616216 0.787498
   1317057095.681356 53.867493 -208.055429 5.339128 0.007566 0.008381 -0.615165 0.788317
   1317057095.806337 54.240027 -209.504834 5.387154 0.003718 0.006908 -0.614141 0.789157
   1317057095.906380 54.580799 -210.821267 5.425889 0.001704 0.007031 -0.613223 0.789877
   1317057096.006362 54.923164 -212.137960 5.460156 0.002487 0.007827 -0.612204 0.790657
   1317057096.106394 55.302912 -213.586616 5.496099 0.005098 0.008161 -0.610928 0.791628
   1317057096.206404 55.650128 -214.903428 5.532954 0.006749 0.009749 -0.609998 0.792314
   1317057096.306350 56.006869 -216.223590 5.577721 0.005375 0.008635 -0.608944 0.793148
   1317057096.406420 56.402668 -217.672163 5.623162 0.004982 0.009273 -0.608170 0.793737
   1317057096.506392 56.769758 -218.988789 5.658828 0.006843 0.007332 -0.607810 0.794019
   1317057096.606377 57.134488 -220.305259 5.699607 0.009221 0.005083 -0.607572 0.794195
   1317057096.731350 57.534315 -221.761703 5.764288 0.010885 0.004112 -0.607527 0.794213
   1317057096.831348 57.895193 -223.079915 5.827532 0.008747 0.003768 -0.607434 0.794313
   1317057096.931349 58.289829 -224.528813 5.890978 0.006024 0.004057 -0.607341 0.794408
   1317057097.031338 58.650729 -225.845296 5.933899 0.006083 0.003980 -0.607383 0.794376
   1317057097.131347 59.018329 -227.163949 5.976332 0.005838 0.004492 -0.607611 0.794200
   1317057097.256355 59.427798 -228.616886 6.025219 0.005456 0.003318 -0.607894 0.793993
   1317057097.356375 59.799060 -229.939856 6.066488 0.005825 0.003352 -0.608284 0.793691
   1317057097.456362 60.178023 -231.265263 6.116873 0.003935 0.003304 -0.608833 0.793282
   1317057097.556378 60.586803 -232.727910 6.167975 0.002583 0.003408 -0.609063 0.793110
   1317057097.656359 60.958875 -234.058638 6.209454 0.002800 0.004337 -0.609127 0.793056
   1317057097.756341 61.328838 -235.389414 6.240911 0.005299 0.004482 -0.609144 0.793029
   1317057097.856409 61.734964 -236.854024 6.284691 0.005862 0.003935 -0.609167 0.793011
   1317057097.956349 62.100194 -238.187690 6.328106 0.005394 0.003452 -0.609162 0.793020
   1317057098.081380 62.500161 -239.657517 6.379737 0.004247 0.004362 -0.609091 0.793077
   1317057098.181403 62.864155 -240.997948 6.423706 0.002348 0.005533 -0.609013 0.793138
   1317057098.281376 63.226204 -242.339220 6.461194 0.002150 0.007335 -0.608852 0.793247
   1317057098.381397 63.619271 -243.816508 6.497520 0.003671 0.008613 -0.608764 0.793296
   1317057098.481351 63.977924 -245.158586 6.527515 0.006337 0.007755 -0.608702 0.793336
   1317057098.581404 64.336138 -246.498984 6.561826 0.008429 0.007045 -0.608820 0.793232
   1317057098.706361 64.737594 -247.980783 6.613277 0.008106 0.005449 -0.608987 0.793120
   1317057098.806380 65.096712 -249.332243 6.665681 0.007727 0.004744 -0.609186 0.792975
   1317057098.906358 65.457040 -250.683366 6.713343 0.007513 0.003537 -0.609264 0.792924
   1317057099.006397 65.850883 -252.169584 6.761752 0.008751 0.002631 -0.609346 0.792851
   1317057099.106410 66.214959 -253.526207 6.809464 0.008383 0.001900 -0.609483 0.792753
   1317057099.206432 66.579239 -254.886961 6.858531 0.006238 0.001533 -0.609666 0.792632
   1317057099.306422 66.978172 -256.387347 6.905630 0.005015 0.001657 -0.609735 0.792587
   1317057099.406435 67.339238 -257.752672 6.939635 0.004858 0.001939 -0.609773 0.792559
   1317057099.506409 67.693373 -259.118087 6.966492 0.004308 0.002952 -0.609798 0.792540
   1317057099.631390 68.090567 -260.629936 6.999684 0.002893 0.003925 -0.609809 0.792534
   1317057099.731450 68.449882 -262.005315 7.021123 0.003530 0.004225 -0.609797 0.792538
   1317057099.831474 68.851885 -263.530035 7.050327 0.005081 0.004287 -0.609816 0.792515
   1317057099.931400 69.218229 -264.920147 7.081664 0.005618 0.004239 -0.609870 0.792470
   1317057100.056373 69.656386 -266.593825 7.119695 0.005699 0.004602 -0.609925 0.792426
   1317057100.156440 69.984970 -267.854181 7.149098 0.005338 0.004780 -0.609908 0.792440
   1317057100.256409 70.349964 -269.258643 7.178994 0.004965 0.005242 -0.609879 0.792461
   1317057100.356366 70.713976 -270.667546 7.205721 0.004369 0.005361 -0.609934 0.792422
   1317057100.456397 71.115508 -272.222779 7.233992 0.004312 0.006183 -0.610053 0.792325
   1317057100.556396 71.488016 -273.644285 7.261409 0.005523 0.005665 -0.610039 0.792332
   1317057100.656390 71.856530 -275.066878 7.288634 0.006833 0.005982 -0.610038 0.792320
   1317057100.756395 72.269467 -276.647454 7.329461 0.006153 0.006613 -0.610094 0.792278
   1317057100.856420 72.646216 -278.089645 7.364740 0.005103 0.007398 -0.610153 0.792232
   1317057100.981388 73.063131 -279.683076 7.399808 0.006034 0.008248 -0.610043 0.792302
   1317057101.081398 73.443245 -281.136162 7.432398 0.007152 0.008640 -0.609982 0.792336
   1317057101.181427 73.828935 -282.597130 7.473892 0.007119 0.008863 -0.609974 0.792340
   1317057101.281446 74.256291 -284.210937 7.521927 0.007014 0.007740 -0.609944 0.792376
   1317057101.381387 74.641193 -285.680788 7.562584 0.008157 0.007557 -0.610023 0.792306
   1317057101.481404 75.024749 -287.152527 7.604054 0.008873 0.006092 -0.610128 0.792229
   1317057101.606394 75.451397 -288.776930 7.657371 0.008972 0.005205 -0.610093 0.792262
   1317057101.706394 75.846097 -290.258264 7.709469 0.008181 0.004026 -0.610137 0.792243
   1317057101.806467 76.250581 -291.747849 7.766085 0.007854 0.003064 -0.610175 0.792222
   1317057101.906413 76.697236 -293.390182 7.827807 0.006909 0.002078 -0.610234 0.792189
   1317057102.006408 77.106339 -294.888756 7.885802 0.005395 0.002105 -0.610310 0.792142
   1317057102.106423 77.510559 -296.389254 7.936449 0.003534 0.002853 -0.610370 0.792104
   1317057102.206438 77.957412 -298.043224 7.984884 0.002151 0.003978 -0.610504 0.792000
   1317057102.306422 78.362470 -299.550524 8.021773 0.002550 0.004679 -0.610641 0.791890
   1317057102.406418 78.758511 -301.055786 8.041241 0.004364 0.004835 -0.610865 0.791708
   1317057102.531474 79.194216 -302.712149 8.066316 0.006463 0.004599 -0.611177 0.791455
   1317057102.631423 79.600811 -304.213622 8.114784 0.006564 0.004443 -0.611381 0.791297
   1317057102.731516 80.040362 -305.867020 8.172961 0.004715 0.004733 -0.611666 0.791088
   1317057102.831527 80.437340 -307.371326 8.227113 0.003639 0.005344 -0.611953 0.790868
   1317057102.931515 80.829374 -308.878608 8.294519 0.003093 0.006187 -0.612229 0.790650
   1317057103.056413 81.257169 -310.532694 8.351434 0.002489 0.006621 -0.612504 0.790436
   1317057103.156590 81.650121 -312.030436 8.392642 0.002441 0.007703 -0.612804 0.790193
   1317057103.256417 82.038921 -313.525033 8.438674 0.004988 0.008053 -0.613114 0.789937
   1317057103.356534 82.465407 -315.164407 8.494611 0.009081 0.008310 -0.613404 0.789673
   1317057103.456508 82.852087 -316.652760 8.563732 0.009799 0.007401 -0.613675 0.789464
   1317057103.556454 83.241658 -318.140521 8.633830 0.009202 0.006167 -0.614064 0.789179
   1317057103.656497 83.672060 -319.773241 8.705224 0.007730 0.003509 -0.614477 0.788889
   1317057103.756446 84.062741 -321.255251 8.764340 0.006512 0.001122 -0.614976 0.788518
   1317057103.856467 84.451463 -322.733758 8.822618 0.005775 -0.000652 -0.615428 0.788172
   1317057103.981445 84.868611 -324.361829 8.879991 0.004220 -0.001014 -0.615751 0.787929
   1317057104.081532 85.241057 -325.837670 8.919309 0.003299 -0.000648 -0.615957 0.787773
   1317057104.181459 85.646959 -327.461574 8.957251 0.003215 0.000101 -0.616182 0.787597
   1317057104.281524 86.021650 -328.930680 8.983661 0.002856 0.001044 -0.616246 0.787548
   1317057104.381446 86.392024 -330.400673 9.021256 0.002623 0.002076 -0.616143 0.787628
   1317057104.506481 86.799211 -332.014854 9.062832 0.002369 0.002639 -0.616015 0.787727
   1317057104.606465 87.168175 -333.481553 9.100076 0.002378 0.002716 -0.615875 0.787835
   1317057104.706393 87.535653 -334.946027 9.131803 0.002327 0.003092 -0.615681 0.787986
   1317057104.806447 87.946170 -336.550902 9.157230 0.001869 0.003624 -0.615510 0.788119
   1317057104.906431 88.315065 -338.009998 9.181471 0.002541 0.004234 -0.615262 0.788307
   1317057105.006515 88.682579 -339.466892 9.202679 0.003159 0.004934 -0.615015 0.788493
   1317057105.106491 89.086519 -341.069695 9.240657 0.003859 0.005468 -0.614793 0.788660
   1317057105.206412 89.458388 -342.519819 9.268925 0.004817 0.005861 -0.614471 0.788903
   1317057105.306430 89.830612 -343.968713 9.300764 0.005083 0.005849 -0.614167 0.789138
   1317057105.431462 90.242761 -345.561228 9.340161 0.003901 0.005882 -0.613872 0.789374
   1317057105.531435 90.615474 -347.006885 9.369938 0.002717 0.005852 -0.613575 0.789610
   1317057105.631444 90.988399 -348.451057 9.402414 0.002756 0.006044 -0.613264 0.789850
   1317057105.731436 91.402605 -350.035401 9.434651 0.003702 0.006102 -0.612885 0.790140
   1317057105.831431 91.779180 -351.473979 9.461692 0.004283 0.005765 -0.612476 0.790456
   1317057105.931479 92.158029 -352.910977 9.487775 0.004610 0.005390 -0.612146 0.790713
   1317057106.056456 92.572021 -354.491667 9.520444 0.004903 0.004557 -0.611775 0.791004
   1317057106.156528 92.950715 -355.926670 9.544460 0.004908 0.004729 -0.611428 0.791271
   1317057106.256479 93.332676 -357.361554 9.571960 0.004998 0.004908 -0.611019 0.791585
   1317057106.356466 93.754485 -358.939020 9.601564 0.005286 0.005369 -0.610568 0.791928
   1317057106.456439 94.137386 -360.373255 9.633217 0.005365 0.005386 -0.610131 0.792264
   1317057106.556457 94.561106 -361.949786 9.670375 0.005790 0.005554 -0.609701 0.792591
   1317057106.656429 94.946111 -363.383511 9.709007 0.006141 0.006043 -0.609375 0.792835
   1317057106.756500 95.335112 -364.815998 9.746278 0.006440 0.006522 -0.608942 0.793162
   1317057106.881543 95.764711 -366.391587 9.786237 0.007357 0.007067 -0.608529 0.793466
   1317057106.981503 96.154453 -367.824911 9.826328 0.008256 0.007273 -0.608247 0.793671
   1317057107.081506 96.546610 -369.259710 9.869315 0.008094 0.007771 -0.608134 0.793755
   1317057107.181548 96.978722 -370.840272 9.921401 0.007435 0.007584 -0.608022 0.793849
   1317057107.281531 97.376014 -372.277956 9.958468 0.008127 0.007909 -0.607937 0.793904
   1317057107.381574 97.771176 -373.716506 9.996151 0.009206 0.006705 -0.607868 0.793956
   1317057107.506435 98.209472 -375.301705 10.044913 0.009916 0.005677 -0.607972 0.793876
   1317057107.606601 98.607006 -376.746404 10.095275 0.008806 0.004938 -0.608008 0.793866
   1317057107.706577 99.003198 -378.193431 10.143150 0.008990 0.005467 -0.608042 0.793835
   1317057107.806519 99.442802 -379.787716 10.186049 0.010394 0.006067 -0.608085 0.793781
