0 0 0 0 0 0 1
0.760262 0.00817455 0.0166013 -0.000554049 -0.000299137 -0.00263795 0.999996
1.57761 0.0123972 0.0310776 -0.00136477 -0.00149533 -0.006148 0.999979
2.30271 0.00568746 0.0391408 -0.0024746 -0.00210832 -0.00997002 0.999945
3.00977 -0.00588532 0.0484169 -0.00347043 -0.00339439 -0.0143994 0.999885
3.76599 -0.0268672 0.0572641 -0.00309544 -0.00462289 -0.0205849 0.999773
4.43726 -0.0580628 0.0680135 -0.00219108 -0.00553338 -0.0272696 0.99961
5.09166 -0.0987277 0.0694077 -0.000854475 -0.0052784 -0.0348018 0.99938
5.79176 -0.146717 0.0681368 0.000129618 -0.00563985 -0.044558 0.998991
6.41566 -0.197252 0.0604533 0.000379743 -0.00628667 -0.0548763 0.998473
7.0229 -0.257448 0.0555523 0.000103044 -0.00609167 -0.0662654 0.997783
7.67883 -0.343181 0.0577202 0.00106422 -0.00597301 -0.0802538 0.996756
8.26754 -0.435659 0.059262 0.00350756 -0.00681354 -0.0951067 0.995438
8.90622 -0.550869 0.050158 0.00699373 -0.00703229 -0.113131 0.993531
9.47909 -0.679178 0.0453717 0.00898295 -0.00689336 -0.130673 0.991361
10.0458 -0.831119 0.0499388 0.00954465 -0.00651794 -0.149 0.98877
10.6606 -1.02538 0.0603618 0.0105896 -0.00644487 -0.170062 0.985355
11.2059 -1.21656 0.0757556 0.0116862 -0.00669753 -0.189836 0.981724
11.7371 -1.42691 0.0921347 0.0116999 -0.00688556 -0.209763 0.977658
12.3108 -1.68669 0.111407 0.0116238 -0.00634465 -0.231307 0.972791
12.8191 -1.94634 0.135509 0.0113588 -0.00436823 -0.250733 0.96798
13.3573 -2.25167 0.162075 0.0112181 -0.00305876 -0.271989 0.96223
13.8397 -2.55031 0.17706 0.011745 -0.00302001 -0.291563 0.956475
14.3558 -2.89683 0.184061 0.0127261 -0.00500908 -0.313887 0.949362
14.8229 -3.2363 0.18372 0.0135746 -0.00845155 -0.334706 0.942187
15.2769 -3.60154 0.19726 0.013417 -0.00988914 -0.356006 0.934335
15.7193 -3.99237 0.21301 0.0113543 -0.0102029 -0.378161 0.925614
16.1933 -4.4536 0.237949 0.0103654 -0.010046 -0.403385 0.914917
16.6005 -4.89484 0.259268 0.0103557 -0.0103964 -0.426382 0.904424
17.0324 -5.41324 0.285385 0.00999506 -0.0114481 -0.451647 0.892067
17.4048 -5.90828 0.31173 0.00884465 -0.0131132 -0.47452 0.880103
17.7548 -6.43072 0.337014 0.00801347 -0.0146926 -0.496898 0.867648
18.0749 -6.97458 0.359261 0.00733915 -0.0145869 -0.519282 0.854447
18.3979 -7.59752 0.381731 0.00644028 -0.0139054 -0.543636 0.839181
18.6617 -8.18586 0.406134 0.00588 -0.0128976 -0.565099 0.824901
18.9247 -8.85543 0.432097 0.00550186 -0.0121266 -0.587273 0.809279
19.1317 -9.48505 0.456549 0.00526705 -0.0109929 -0.604995 0.796136
19.3124 -10.1315 0.480751 0.0053734 -0.00940101 -0.619972 0.784549
19.4869 -10.8631 0.503375 0.00606862 -0.00772616 -0.633836 0.773405
19.6272 -11.5437 0.520777 0.00645988 -0.00697025 -0.644346 0.764675
19.7545 -12.242 0.538111 0.00628937 -0.00699288 -0.653105 0.757209
19.8738 -13.0281 0.559935 0.00615583 -0.00659292 -0.660746 0.750555
19.9701 -13.7597 0.57163 0.00658929 -0.00540433 -0.665921 0.745973
20.0545 -14.5092 0.585218 0.00749568 -0.00403437 -0.669345 0.742903
20.1481 -15.4329 0.598285 0.00811307 -0.0030009 -0.671573 0.740888
20.2178 -16.1438 0.614486 0.00855885 -0.00199814 -0.672378 0.740156
20.2936 -16.9497 0.632213 0.00888065 -0.00116592 -0.672829 0.739744
20.3698 -17.7751 0.643178 0.0088269 -0.000796461 -0.672971 0.739615
20.4566 -18.7027 0.658668 0.00855327 -0.000289544 -0.672821 0.739755
20.5347 -19.5651 0.67046 0.00825423 0.000158768 -0.672457 0.74009
20.6159 -20.4418 0.687131 0.00876437 0.000406502 -0.672169 0.740346
20.7077 -21.4244 0.702628 0.00982554 0.000224331 -0.671829 0.740641
20.7957 -22.3346 0.718375 0.0101765 0.000695152 -0.671491 0.740943
20.886 -23.2603 0.744136 0.00930126 0.00126435 -0.671078 0.741327
20.986 -24.2943 0.768292 0.00836285 0.00220433 -0.670804 0.741585
21.0792 -25.2477 0.783251 0.0085548 0.00176073 -0.670457 0.741897
21.1688 -26.2139 0.784169 0.00959115 0.00150828 -0.670213 0.742105
21.2772 -27.2911 0.79672 0.0105437 0.000156776 -0.669613 0.742635
21.38 -28.2818 0.816097 0.0108369 -0.000974967 -0.669008 0.743176
21.4986 -29.3852 0.845933 0.00964146 -0.00215296 -0.66817 0.743943
21.6097 -30.3995 0.874591 0.00821817 -0.00250775 -0.667351 0.744694
21.7226 -31.4188 0.905267 0.00684992 -0.0028015 -0.666421 0.745539
21.8527 -32.5469 0.934551 0.0060724 -0.00231953 -0.665393 0.746465
21.9775 -33.5789 0.960617 0.00555947 -0.00142248 -0.664275 0.747466
22.1049 -34.6147 0.985985 0.00587645 -0.000919383 -0.663183 0.748434
22.2479 -35.7581 1.0135 0.00763767 1.14791e-05 -0.661933 0.749524
22.3828 -36.8015 1.04061 0.00868353 0.000912075 -0.660807 0.750505
22.5254 -37.851 1.06785 0.00717735 0.000875706 -0.659804 0.751403
22.6802 -39.0122 1.10123 0.00420835 0.00253447 -0.6589 0.752215
22.8246 -40.0736 1.12579 0.00217135 0.00339502 -0.658256 0.752784
22.9693 -41.1375 1.14575 0.00268462 0.00336752 -0.657865 0.753124
23.1284 -42.3109 1.15619 0.00755531 0.00303695 -0.657519 0.753394
23.2754 -43.3817 1.17789 0.00957485 0.00150151 -0.657362 0.753512
23.4353 -44.5661 1.21176 0.00918869 0.000966036 -0.657354 0.753526
23.5806 -45.6467 1.24662 0.00782478 0.000989705 -0.657588 0.753337
23.7267 -46.7312 1.27712 0.00668528 0.00101519 -0.6579 0.753075
23.886 -47.9292 1.30421 0.00688606 0.00124171 -0.658225 0.752789
24.0295 -49.0219 1.32872 0.00731662 0.00149669 -0.658426 0.752608
24.1754 -50.1213 1.35354 0.00698086 0.00187992 -0.658683 0.752386
24.3352 -51.3389 1.38562 0.00655708 0.00237806 -0.658961 0.752145
24.4793 -52.454 1.41067 0.00645461 0.0023305 -0.659284 0.751863
24.6255 -53.5759 1.43723 0.00494465 0.00373004 -0.659592 0.751598
24.7863 -54.8187 1.46522 0.00212086 0.00614767 -0.659926 0.751302
24.9316 -55.956 1.48362 0.00115762 0.00814088 -0.660131 0.751105
25.0776 -57.1013 1.4943 0.00222364 0.0109256 -0.660476 0.750764
25.24 -58.3704 1.50559 0.00345043 0.0116201 -0.660399 0.750817
25.388 -59.5311 1.5135 0.00570513 0.0131136 -0.660329 0.750841
25.5538 -60.8161 1.52509 0.00764401 0.0120258 -0.660068 0.75107
25.7097 -61.9926 1.54223 0.00898693 0.0105189 -0.659836 0.751282
25.8696 -63.1801 1.56349 0.0100747 0.00971846 -0.659442 0.751625
26.0456 -64.493 1.59671 0.0093071 0.0084622 -0.659182 0.751878
26.2051 -65.6925 1.62615 0.009097 0.00736353 -0.658935 0.752109
26.3661 -66.8995 1.65644 0.00952749 0.007439 -0.658533 0.752454
26.5443 -68.2366 1.69395 0.0111833 0.00785804 -0.657818 0.753053
26.7114 -69.4606 1.72815 0.0122769 0.00734788 -0.657233 0.753551
26.8821 -70.6926 1.76301 0.0122523 0.00709071 -0.656602 0.754104
27.0777 -72.0586 1.80383 0.0108878 0.00593092 -0.655949 0.754703
27.2594 -73.3093 1.84047 0.00970246 0.00511223 -0.655413 0.755191
27.4458 -74.5691 1.87572 0.00904988 0.00420574 -0.654846 0.755696
27.6516 -75.9657 1.91392 0.00882139 0.0040773 -0.654053 0.756386
27.8405 -77.2418 1.93854 0.0079488 0.00453504 -0.653347 0.757003
28.0315 -78.526 1.9669 0.00706584 0.00494158 -0.652753 0.757522
28.2461 -79.947 1.99861 0.0066144 0.00514386 -0.651998 0.758175
28.4444 -81.2452 2.02744 0.00697612 0.0055245 -0.651389 0.758692
28.6646 -82.6777 2.05864 0.00721813 0.00620748 -0.65067 0.759301
28.8666 -83.9821 2.08347 0.00676621 0.00693046 -0.650024 0.759852
29.068 -85.2875 2.10908 0.00623472 0.00718942 -0.649392 0.760394
29.2951 -86.7265 2.13261 0.00551646 0.00783045 -0.648856 0.760851
29.5075 -88.0368 2.15894 0.00460371 0.00798645 -0.6485 0.761158
29.7187 -89.3459 2.18031 0.0042424 0.00869507 -0.648209 0.761401
29.9493 -90.7847 2.20285 0.00464644 0.00915127 -0.647768 0.761769
30.1589 -92.094 2.22328 0.00542732 0.00964292 -0.647524 0.761965
30.371 -93.4035 2.24884 0.00626223 0.00907739 -0.647293 0.762161
30.6051 -94.8459 2.2776 0.00707707 0.0086961 -0.647069 0.762349
30.823 -96.1572 2.31156 0.00729457 0.00839161 -0.646902 0.762492
31.0429 -97.4663 2.3436 0.00896822 0.00740565 -0.646731 0.762629
31.286 -98.9057 2.38977 0.0097159 0.00674771 -0.646516 0.762809
31.5109 -100.214 2.44032 0.00882881 0.00600233 -0.646312 0.762999
31.7373 -101.523 2.49164 0.00771439 0.00612126 -0.646155 0.763143
31.9821 -102.955 2.53851 0.00735713 0.00570371 -0.645754 0.763489
32.2007 -104.253 2.57037 0.00815594 0.0055946 -0.645341 0.763831
32.445 -105.682 2.60995 0.0079581 0.00476662 -0.644844 0.764258
32.6688 -106.984 2.64539 0.00712936 0.00467645 -0.644461 0.76459
32.8945 -108.288 2.68186 0.00512117 0.00489456 -0.643977 0.765012
33.1433 -109.723 2.71507 0.0040358 0.00561396 -0.643344 0.765546
33.3701 -111.027 2.73697 0.00561998 0.00654473 -0.642841 0.765951
33.6005 -112.335 2.75968 0.00635831 0.00765372 -0.642331 0.766363
33.8601 -113.778 2.78788 0.00568242 0.00742926 -0.641548 0.767026
34.0989 -115.091 2.81419 0.00607912 0.00804843 -0.640922 0.767539
34.3426 -116.405 2.83812 0.0056577 0.00716372 -0.640361 0.76802
34.6127 -117.854 2.86835 0.00509607 0.00692173 -0.639721 0.76856
34.8589 -119.172 2.88665 0.00495749 0.00721932 -0.639137 0.769043
35.1117 -120.5 2.91362 0.00506918 0.00792063 -0.638554 0.76952
35.3907 -121.96 2.93919 0.00496164 0.00871191 -0.637954 0.770009
35.6454 -123.288 2.96033 0.00555003 0.0092366 -0.637414 0.770446
35.9013 -124.621 2.98049 0.00763682 0.00850259 -0.636875 0.770883
36.1875 -126.091 3.00811 0.00938652 0.00760291 -0.636454 0.77122
36.4488 -127.434 3.04103 0.0094962 0.00663531 -0.636326 0.771333
36.7388 -128.92 3.08409 0.00917287 0.00532258 -0.636078 0.771552
37.0067 -130.272 3.11788 0.00907923 0.00480567 -0.635824 0.771766
37.2785 -131.629 3.15488 0.0080545 0.00439096 -0.6357 0.771882
37.5822 -133.125 3.20034 0.00763075 0.00275668 -0.635657 0.771929
37.8529 -134.481 3.23575 0.00750202 0.00154818 -0.635497 0.772066
38.1239 -135.84 3.27569 0.00599064 0.0012708 -0.635341 0.772207
38.4228 -137.334 3.31588 0.00358747 0.00181715 -0.635253 0.772294
38.6918 -138.691 3.34933 0.00251371 0.00274657 -0.635092 0.772428
38.9585 -140.044 3.38034 0.00267222 0.00363298 -0.634857 0.772616
39.2504 -141.53 3.41392 0.00358776 0.00477235 -0.634678 0.772754
39.5171 -142.881 3.44629 0.00450139 0.00657453 -0.634512 0.772872
39.7809 -144.23 3.48163 0.00576488 0.007991 -0.634156 0.773143
40.0737 -145.713 3.52145 0.00723593 0.00838045 -0.633633 0.773555
40.3397 -147.061 3.56463 0.00646417 0.0088963 -0.633508 0.773658
40.6389 -148.542 3.61232 0.00296412 0.00775835 -0.633489 0.773707
40.9088 -149.882 3.64297 0.00168265 0.0080424 -0.633548 0.77366
41.1729 -151.219 3.66594 0.0028821 0.00789119 -0.633256 0.773897
41.4603 -152.689 3.69728 0.00448735 0.00984304 -0.632811 0.77423
41.7219 -154.02 3.72304 0.00498171 0.0113378 -0.632215 0.774694
41.9879 -155.347 3.75145 0.00646059 0.0111067 -0.63135 0.775391
42.2825 -156.804 3.78719 0.00864343 0.0120617 -0.630669 0.77591
42.5563 -158.126 3.82699 0.00786465 0.0100913 -0.63027 0.776271
42.8257 -159.444 3.86814 0.00725366 0.0086377 -0.629761 0.776707
43.1218 -160.896 3.9135 0.00545183 0.00787167 -0.629129 0.777242
43.3951 -162.212 3.953 0.00548801 0.00708424 -0.628611 0.777668
43.7019 -163.655 3.99408 0.00692042 0.00608053 -0.628151 0.778037
43.9818 -164.963 4.03322 0.00704156 0.00509415 -0.62781 0.778318
44.2632 -166.268 4.07576 0.0061564 0.00443694 -0.627507 0.778574
44.5733 -167.701 4.12075 0.00607104 0.00406423 -0.627178 0.778842
44.8559 -169 4.16245 0.00594318 0.0044122 -0.626918 0.77905
45.1399 -170.295 4.20196 0.00425465 0.00496136 -0.626655 0.779269
45.4482 -171.717 4.24789 0.00160168 0.00566975 -0.626384 0.779492
45.7307 -173.009 4.28143 0.00148934 0.00633785 -0.62631 0.779547
46.0211 -174.298 4.3093 0.00259324 0.00634508 -0.626326 0.779531
46.3341 -175.712 4.33751 0.00480654 0.00596038 -0.62631 0.779536
46.6169 -176.997 4.36511 0.00638606 0.00591276 -0.626257 0.779568
46.8997 -178.285 4.39912 0.00608788 0.00623274 -0.626223 0.779596
47.214 -179.704 4.4382 0.00443532 0.00683413 -0.626191 0.779627
47.4997 -180.998 4.4695 0.00380226 0.00717149 -0.626076 0.77972
47.7869 -182.294 4.49893 0.00428543 0.00750293 -0.626077 0.779713
48.103 -183.722 4.53128 0.0050355 0.00869919 -0.626178 0.779615
48.3896 -185.022 4.56176 0.00549217 0.00885657 -0.626081 0.779689
48.7087 -186.453 4.59667 0.00771466 0.00915577 -0.625965 0.779759
49.0002 -187.756 4.63457 0.0104818 0.00824044 -0.625891 0.779797
49.3264 -189.193 4.6887 0.0112685 0.00630453 -0.625571 0.78006
49.6225 -190.502 4.74291 0.0108848 0.00508767 -0.624928 0.78059
49.9231 -191.812 4.80461 0.00862874 0.00414255 -0.624354 0.781083
50.2234 -193.123 4.86086 0.00665321 0.00405179 -0.623829 0.781522
50.5635 -194.565 4.91815 0.0049417 0.00458667 -0.623111 0.782105
50.8755 -195.876 4.96511 0.00543973 0.0061187 -0.622234 0.782788
51.1883 -197.186 5.0094 0.0066446 0.00698631 -0.621245 0.783557
51.5359 -198.626 5.06256 0.00642221 0.00747828 -0.620262 0.784333
51.8545 -199.932 5.10967 0.00517392 0.00660186 -0.619445 0.784996
52.21 -201.372 5.15971 0.00379572 0.00622077 -0.618779 0.785531
52.5322 -202.684 5.19908 0.00231098 0.00580402 -0.618345 0.785882
52.8543 -203.996 5.23104 0.00234332 0.00708514 -0.617871 0.786244
53.2099 -205.436 5.26264 0.00463317 0.00924951 -0.617084 0.786829
53.538 -206.746 5.29725 0.00682212 0.00882586 -0.616216 0.787498
53.8675 -208.055 5.33913 0.00756588 0.00838098 -0.615165 0.788317
54.24 -209.505 5.38715 0.00371833 0.00690779 -0.614141 0.789157
54.5808 -210.821 5.42589 0.00170418 0.00703095 -0.613223 0.789877
54.9232 -212.138 5.46016 0.00248688 0.00782669 -0.612204 0.790657
55.3029 -213.587 5.4961 0.00509759 0.00816052 -0.610928 0.791628
55.6501 -214.903 5.53295 0.00674902 0.0097488 -0.609998 0.792314
56.0069 -216.224 5.57772 0.00537536 0.00863472 -0.608944 0.793148
56.4027 -217.672 5.62316 0.0049815 0.00927263 -0.60817 0.793737
56.7698 -218.989 5.65883 0.00684265 0.00733222 -0.60781 0.794019
57.1345 -220.305 5.69961 0.00922107 0.00508313 -0.607572 0.794195
57.5343 -221.762 5.76429 0.0108851 0.00411162 -0.607527 0.794213
57.8952 -223.08 5.82753 0.00874718 0.00376757 -0.607434 0.794313
58.2898 -224.529 5.89098 0.00602367 0.004057 -0.607341 0.794408
58.6507 -225.845 5.9339 0.0060829 0.00398042 -0.607383 0.794376
59.0183 -227.164 5.97633 0.00583782 0.00449198 -0.607611 0.7942
59.4278 -228.617 6.02522 0.00545649 0.00331833 -0.607894 0.793993
59.7991 -229.94 6.06649 0.0058254 0.00335241 -0.608284 0.793691
60.178 -231.265 6.11687 0.00393476 0.00330394 -0.608833 0.793282
60.5868 -232.728 6.16798 0.00258321 0.00340776 -0.609063 0.79311
60.9589 -234.059 6.20945 0.00279982 0.00433743 -0.609127 0.793056
61.3288 -235.389 6.24091 0.00529853 0.00448191 -0.609144 0.793029
61.735 -236.854 6.28469 0.00586171 0.00393488 -0.609167 0.793011
62.1002 -238.188 6.32811 0.00539445 0.00345154 -0.609162 0.79302
62.5002 -239.658 6.37974 0.00424702 0.00436162 -0.609091 0.793077
62.8642 -240.998 6.42371 0.00234758 0.00553325 -0.609013 0.793138
63.2262 -242.339 6.46119 0.00214972 0.00733451 -0.608852 0.793247
63.6193 -243.817 6.49752 0.00367119 0.00861329 -0.608764 0.793296
63.9779 -245.159 6.52751 0.00633726 0.00775522 -0.608702 0.793336
64.3361 -246.499 6.56183 0.00842933 0.0070453 -0.60882 0.793232
64.7376 -247.981 6.61328 0.00810603 0.00544937 -0.608987 0.79312
65.0967 -249.332 6.66568 0.00772719 0.00474398 -0.609186 0.792975
65.457 -250.683 6.71334 0.00751264 0.00353737 -0.609264 0.792924
65.8509 -252.17 6.76175 0.00875148 0.00263057 -0.609346 0.792851
66.215 -253.526 6.80946 0.00838304 0.00190049 -0.609483 0.792753
66.5792 -254.887 6.85853 0.00623802 0.00153251 -0.609666 0.792632
66.9782 -256.387 6.90563 0.00501531 0.00165742 -0.609735 0.792587
67.3392 -257.753 6.93963 0.00485799 0.00193874 -0.609773 0.792559
67.6934 -259.118 6.96649 0.0043084 0.0029524 -0.609798 0.79254
68.0906 -260.63 6.99968 0.00289265 0.00392514 -0.609809 0.792534
68.4499 -262.005 7.02112 0.00353016 0.00422461 -0.609797 0.792538
68.8519 -263.53 7.05033 0.00508087 0.00428724 -0.609816 0.792515
69.2182 -264.92 7.08166 0.00561757 0.00423906 -0.60987 0.79247
69.6564 -266.594 7.11969 0.00569898 0.00460226 -0.609925 0.792426
69.985 -267.854 7.1491 0.0053379 0.00478047 -0.609908 0.79244
70.35 -269.259 7.17899 0.00496479 0.00524246 -0.609879 0.792461
70.714 -270.668 7.20572 0.00436886 0.00536103 -0.609934 0.792422
71.1155 -272.223 7.23399 0.00431222 0.00618288 -0.610053 0.792325
71.488 -273.644 7.26141 0.00552297 0.00566504 -0.610039 0.792332
71.8565 -275.067 7.28863 0.00683315 0.00598217 -0.610038 0.79232
72.2695 -276.647 7.32946 0.00615269 0.0066134 -0.610094 0.792278
72.6462 -278.09 7.36474 0.00510261 0.0073976 -0.610153 0.792232
73.0631 -279.683 7.39981 0.00603353 0.00824787 -0.610043 0.792302
73.4432 -281.136 7.4324 0.00715211 0.0086397 -0.609982 0.792336
73.8289 -282.597 7.47389 0.00711883 0.00886255 -0.609974 0.79234
74.2563 -284.211 7.52193 0.00701404 0.00773988 -0.609944 0.792376
74.6412 -285.681 7.56258 0.00815714 0.007557 -0.610023 0.792306
75.0247 -287.153 7.60405 0.00887343 0.00609199 -0.610128 0.792229
75.4514 -288.777 7.65737 0.00897218 0.00520453 -0.610093 0.792262
75.8461 -290.258 7.70947 0.00818137 0.00402631 -0.610137 0.792243
76.2506 -291.748 7.76609 0.00785362 0.00306391 -0.610175 0.792222
76.6972 -293.39 7.82781 0.00690927 0.00207771 -0.610234 0.792189
77.1063 -294.889 7.8858 0.00539474 0.00210499 -0.61031 0.792142
77.5106 -296.389 7.93645 0.00353394 0.00285316 -0.61037 0.792104
77.9574 -298.043 7.98488 0.0021514 0.00397824 -0.610504 0.792
78.3625 -299.551 8.02177 0.00254954 0.0046787 -0.610641 0.79189
78.7585 -301.056 8.04124 0.00436407 0.00483483 -0.610865 0.791708
79.1942 -302.712 8.06632 0.00646323 0.00459873 -0.611177 0.791455
79.6008 -304.214 8.11478 0.00656402 0.00444251 -0.611381 0.791297
80.0404 -305.867 8.17296 0.00471482 0.00473274 -0.611666 0.791088
80.4373 -307.371 8.22711 0.00363856 0.00534389 -0.611953 0.790868
80.8294 -308.879 8.29452 0.00309275 0.0061871 -0.612229 0.79065
81.2572 -310.533 8.35143 0.00248873 0.00662107 -0.612504 0.790436
81.6501 -312.03 8.39264 0.00244078 0.00770343 -0.612804 0.790193
82.0389 -313.525 8.43867 0.0049875 0.00805271 -0.613114 0.789937
82.4654 -315.164 8.49461 0.00908053 0.00830952 -0.613404 0.789673
82.8521 -316.653 8.56373 0.00979939 0.00740138 -0.613675 0.789464
83.2417 -318.141 8.63383 0.00920242 0.00616742 -0.614064 0.789179
83.6721 -319.773 8.70522 0.00772991 0.0035089 -0.614477 0.788889
84.0627 -321.255 8.76434 0.00651169 0.00112209 -0.614976 0.788518
84.4515 -322.734 8.82262 0.00577518 -0.000652175 -0.615428 0.788172
84.8686 -324.362 8.87999 0.00421963 -0.00101437 -0.615751 0.787929
85.2411 -325.838 8.91931 0.00329887 -0.000648371 -0.615957 0.787773
85.647 -327.462 8.95725 0.00321489 0.000101446 -0.616182 0.787597
86.0216 -328.931 8.98366 0.00285641 0.0010444 -0.616246 0.787548
86.392 -330.401 9.02126 0.00262341 0.00207597 -0.616143 0.787628
86.7992 -332.015 9.06283 0.00236876 0.00263864 -0.616015 0.787727
87.1682 -333.482 9.10008 0.00237767 0.00271629 -0.615875 0.787835
87.5357 -334.946 9.1318 0.00232688 0.00309212 -0.615681 0.787986
87.9462 -336.551 9.15723 0.0018692 0.00362429 -0.61551 0.788119
88.3151 -338.01 9.18147 0.002541 0.0042343 -0.615262 0.788307
88.6826 -339.467 9.20268 0.0031593 0.00493375 -0.615015 0.788493
89.0865 -341.07 9.24066 0.00385917 0.00546786 -0.614793 0.78866
89.4584 -342.52 9.26892 0.00481718 0.00586105 -0.614471 0.788903
89.8306 -343.969 9.30076 0.00508337 0.00584896 -0.614167 0.789138
90.2428 -345.561 9.34016 0.0039011 0.00588218 -0.613872 0.789374
90.6155 -347.007 9.36994 0.00271676 0.00585157 -0.613575 0.78961
90.9884 -348.451 9.40241 0.00275572 0.00604371 -0.613264 0.78985
91.4026 -350.035 9.43465 0.00370234 0.00610198 -0.612885 0.79014
91.7792 -351.474 9.46169 0.0042832 0.00576543 -0.612476 0.790456
92.158 -352.911 9.48777 0.00460953 0.00538995 -0.612146 0.790713
92.572 -354.492 9.52044 0.00490308 0.00455657 -0.611775 0.791004
92.9507 -355.927 9.54446 0.00490752 0.00472948 -0.611428 0.791271
93.3327 -357.362 9.57196 0.00499777 0.00490782 -0.611019 0.791585
93.7545 -358.939 9.60156 0.00528599 0.00536913 -0.610568 0.791928
94.1374 -360.373 9.63322 0.00536548 0.00538565 -0.610131 0.792264
94.5611 -361.95 9.67037 0.00579026 0.00555416 -0.609701 0.792591
94.9461 -363.384 9.70901 0.00614122 0.00604334 -0.609375 0.792835
95.3351 -364.816 9.74628 0.00644003 0.00652217 -0.608942 0.793162
95.7647 -366.392 9.78624 0.00735666 0.00706665 -0.608529 0.793466
96.1545 -367.825 9.82633 0.00825564 0.00727307 -0.608247 0.793671
96.5466 -369.26 9.86931 0.00809404 0.00777082 -0.608134 0.793755
96.9787 -370.84 9.9214 0.00743457 0.00758366 -0.608022 0.793849
97.376 -372.278 9.95847 0.00812739 0.0079085 -0.607937 0.793904
97.7712 -373.717 9.99615 0.00920575 0.00670475 -0.607868 0.793956
98.2095 -375.302 10.0449 0.0099156 0.00567731 -0.607972 0.793876
98.607 -376.746 10.0953 0.00880592 0.00493773 -0.608008 0.793866
